# Number of Buses, Number of Lines, and The Reference Bus
57 80

# Lines
# Line No, From Bus, To Bus, Admittance (0 if unknown) 
# If a line is unknown, then either From Bus or To Bus, or the both are zero.
1	1	2
2	2	3
3	3	4
4	4	5
5	4	6
6	6	7
7	6	8
8	8	9
9	9	10
10	9	11
11	9	12
12	9	13
13	13	14
14	13	15
15	1	15
16	1	16
17	1	17
18	3	15
19	4	18
20	4	18
21	5	6
22	7	8
23	10	12
24	11	13
25	12	13
26	12	16
27	12	17
28	14	15
29	18	19
30	19	20
31	21	20
32	21	22
33	22	23
34	23	24
35	24	25
36	24	25
37	24	26
38	26	27
39	27	28
40	28	29
41	7	29
42	25	30
43	30	31
44	31	32
45	32	33
46	34	32
47	34	35
48	35	36
49	36	37
50	37	38
51	37	39
52	36	40
53	22	38
54	11	41
55	41	42
56	41	43
57	38	44
58	15	45
59	14	46
60	46	47
61	47	48
62	48	49
63	49	50
64	50	51
65	10	51
66	13	49
67	29	52
68	52	53
69	53	54
70	54	55
71	11	43
72	44	45
73	40	56
74	56	41
75	56	42
76	39	57
77	57	56
78	38	49
79	38	48
80	9	55

# Measurements (the maximum number of possible measurements is 2 x #lines + #buses, though all of them may not be recorded)
# Measurement No, Measurements Taken?, Secured?, Attacker has the ability to alter?
1	1
2	1
3	1
4	0
5	1
6	1
7	1
8	0
9	1
10	1
11	0
12	1
13	1
14	1
15	0
16	1
17	1
18	1
19	1
20	1
21	1
22	1
23	0
24	1
25	1
26	1
27	1
28	1
29	1
30	0
31	1
32	0
33	1
34	1
35	1
36	1
37	0
38	1
39	1
40	0
41	1
42	1
43	1
44	1
45	0
46	1
47	0
48	1
49	1
50	1
51	1
52	0
53	1
54	1
55	1
56	1
57	1
58	0
59	1
60	1
61	0
62	1
63	1
64	1
65	1
66	0
67	1
68	1
69	0
70	1
71	1
72	1
73	1
74	1
75	1
76	1
77	0
78	1
79	1
80	1
81	0
82	1
83	1
84	1
85	1
86	1
87	0
88	1
89	1
90	1
91	1
92	1
93	0
94	1
95	1
96	1
97	1
98	1
99	1
100	1
101	0
102	0
103	1
104	1
105	1
106	1
107	1
108	0
109	1
110	1
111	1
112	1
113	1
114	0
115	1
116	1
117	1
118	1
119	1
120	1
121	1
122	1
123	0
124	1
125	1
126	1
127	1
128	1
129	0
130	1
131	1
132	0
133	1
134	1
135	1
136	1
137	1
138	1
139	0
140	1
141	1
142	1
143	1
144	1
145	0
146	1
147	1
148	1
149	0
150	1
151	1
152	1
153	0
154	1
155	1
156	1
157	1
158	1
159	0
160	1
161	1
162	1
163	1
164	1
165	1
166	0
167	1
168	1
169	0
170	1
171	1
172	1
173	1
174	1
175	1
176	1
177	0
178	1
179	1
180	1
181	1
182	1
183	1
184	0
185	1
186	1
187	1
188	1
189	1
190	0
191	1
192	1
193	1
194	1
195	0
196	1
197	1
198	1
199	1
200	1
201	1
202	1
203	1
204	0
205	1
206	1
207	1
208	1
209	1
210	1
211	0
212	1
213	1
214	1
215	1
216	0
217	1
