# Number of states and measurements
30 112

# Jacobian matrix (states and measurement association) and if corresponding measurement is recorded/reported
17.3913 -17.3913 0 0 0 0 0 0 0 0 0 0 0 0 0 0 0 0 0 0 0 0 0 0 0 0 0 0 0 0 1
6.05327 0 -6.05327 0 0 0 0 0 0 0 0 0 0 0 0 0 0 0 0 0 0 0 0 0 0 0 0 0 0 0 1
0 5.75705 0 -5.75705 0 0 0 0 0 0 0 0 0 0 0 0 0 0 0 0 0 0 0 0 0 0 0 0 0 0 1
0 0 26.3852 -26.3852 0 0 0 0 0 0 0 0 0 0 0 0 0 0 0 0 0 0 0 0 0 0 0 0 0 0 0
0 5.04286 0 0 -5.04286 0 0 0 0 0 0 0 0 0 0 0 0 0 0 0 0 0 0 0 0 0 0 0 0 0 1
0 5.67215 0 0 0 -5.67215 0 0 0 0 0 0 0 0 0 0 0 0 0 0 0 0 0 0 0 0 0 0 0 0 1
0 0 0 24.1546 0 -24.1546 0 0 0 0 0 0 0 0 0 0 0 0 0 0 0 0 0 0 0 0 0 0 0 0 1
0 0 0 0 8.62069 0 -8.62069 0 0 0 0 0 0 0 0 0 0 0 0 0 0 0 0 0 0 0 0 0 0 0 0
0 0 0 0 0 12.1951 -12.1951 0 0 0 0 0 0 0 0 0 0 0 0 0 0 0 0 0 0 0 0 0 0 0 0
0 0 0 0 0 23.8095 0 -23.8095 0 0 0 0 0 0 0 0 0 0 0 0 0 0 0 0 0 0 0 0 0 0 1
0 0 0 0 0 4.80769 0 0 -4.80769 0 0 0 0 0 0 0 0 0 0 0 0 0 0 0 0 0 0 0 0 0 1
0 0 0 0 0 1.79856 0 0 0 -1.79856 0 0 0 0 0 0 0 0 0 0 0 0 0 0 0 0 0 0 0 0 0
0 0 0 0 0 0 0 0 4.80769 0 -4.80769 0 0 0 0 0 0 0 0 0 0 0 0 0 0 0 0 0 0 0 1
0 0 0 0 0 0 0 0 9.09091 -9.09091 0 0 0 0 0 0 0 0 0 0 0 0 0 0 0 0 0 0 0 0 1
0 0 0 3.90625 0 0 0 0 0 0 0 -3.90625 0 0 0 0 0 0 0 0 0 0 0 0 0 0 0 0 0 0 0
0 0 0 0 0 0 0 0 0 0 0 7.14286 -7.14286 0 0 0 0 0 0 0 0 0 0 0 0 0 0 0 0 0 0
0 0 0 0 0 0 0 0 0 0 0 3.90778 0 -3.90778 0 0 0 0 0 0 0 0 0 0 0 0 0 0 0 0 1
0 0 0 0 0 0 0 0 0 0 0 7.66871 0 0 -7.66871 0 0 0 0 0 0 0 0 0 0 0 0 0 0 0 1
0 0 0 0 0 0 0 0 0 0 0 5.03271 0 0 0 -5.03271 0 0 0 0 0 0 0 0 0 0 0 0 0 0 0
0 0 0 0 0 0 0 0 0 0 0 0 0 5.00751 -5.00751 0 0 0 0 0 0 0 0 0 0 0 0 0 0 0 0
0 0 0 0 0 0 0 0 0 0 0 0 0 0 0 5.20021 -5.20021 0 0 0 0 0 0 0 0 0 0 0 0 0 1
0 0 0 0 0 0 0 0 0 0 0 0 0 0 4.57666 0 0 -4.57666 0 0 0 0 0 0 0 0 0 0 0 0 1
0 0 0 0 0 0 0 0 0 0 0 0 0 0 0 0 0 7.73994 -7.73994 0 0 0 0 0 0 0 0 0 0 0 1
0 0 0 0 0 0 0 0 0 0 0 0 0 0 0 0 0 0 14.7059 -14.7059 0 0 0 0 0 0 0 0 0 0 0
0 0 0 0 0 0 0 0 0 4.78469 0 0 0 0 0 0 0 0 0 -4.78469 0 0 0 0 0 0 0 0 0 0 1
0 0 0 0 0 0 0 0 0 11.8343 0 0 0 0 0 0 -11.8343 0 0 0 0 0 0 0 0 0 0 0 0 0 0
0 0 0 0 0 0 0 0 0 13.3511 0 0 0 0 0 0 0 0 0 0 -13.3511 0 0 0 0 0 0 0 0 0 1
0 0 0 0 0 0 0 0 0 6.67111 0 0 0 0 0 0 0 0 0 0 0 -6.67111 0 0 0 0 0 0 0 0 0
0 0 0 0 0 0 0 0 0 0 0 0 0 0 0 0 0 0 0 0 42.3729 0 -42.3729 0 0 0 0 0 0 0 1
0 0 0 0 0 0 0 0 0 0 0 0 0 0 4.9505 0 0 0 0 0 0 0 -4.9505 0 0 0 0 0 0 0 1
0 0 0 0 0 0 0 0 0 0 0 0 0 0 0 0 0 0 0 0 0 5.58659 0 -5.58659 0 0 0 0 0 0 0
0 0 0 0 0 0 0 0 0 0 0 0 0 0 0 0 0 0 0 0 0 0 3.7037 -3.7037 0 0 0 0 0 0 1
0 0 0 0 0 0 0 0 0 0 0 0 0 0 0 0 0 0 0 0 0 0 0 3.03767 -3.03767 0 0 0 0 0 1
0 0 0 0 0 0 0 0 0 0 0 0 0 0 0 0 0 0 0 0 0 0 0 0 2.63158 -2.63158 0 0 0 0 1
0 0 0 0 0 0 0 0 0 0 0 0 0 0 0 0 0 0 0 0 0 0 0 0 4.79157 0 -4.79157 0 0 0 0
0 0 0 0 0 0 0 0 0 0 0 0 0 0 0 0 0 0 0 0 0 0 0 0 0 0 -2.52525 2.52525 0 0 1
0 0 0 0 0 0 0 0 0 0 0 0 0 0 0 0 0 0 0 0 0 0 0 0 0 0 2.4079 0 -2.4079 0 0
0 0 0 0 0 0 0 0 0 0 0 0 0 0 0 0 0 0 0 0 0 0 0 0 0 0 1.6592 0 0 -1.6592 1
0 0 0 0 0 0 0 0 0 0 0 0 0 0 0 0 0 0 0 0 0 0 0 0 0 0 0 0 2.20604 -2.20604 1
0 0 0 0 0 0 0 5 0 0 0 0 0 0 0 0 0 0 0 0 0 0 0 0 0 0 0 -5 0 0 0
0 0 0 0 0 16.6945 0 0 0 0 0 0 0 0 0 0 0 0 0 0 0 0 0 0 0 0 0 -16.6945 0 0 1
-17.3913 17.3913 0 0 0 0 0 0 0 0 0 0 0 0 0 0 0 0 0 0 0 0 0 0 0 0 0 0 0 0 1
-6.05327 0 6.05327 0 0 0 0 0 0 0 0 0 0 0 0 0 0 0 0 0 0 0 0 0 0 0 0 0 0 0 1
0 -5.75705 0 5.75705 0 0 0 0 0 0 0 0 0 0 0 0 0 0 0 0 0 0 0 0 0 0 0 0 0 0 0
0 0 -26.3852 26.3852 0 0 0 0 0 0 0 0 0 0 0 0 0 0 0 0 0 0 0 0 0 0 0 0 0 0 1
0 -5.04286 0 0 5.04286 0 0 0 0 0 0 0 0 0 0 0 0 0 0 0 0 0 0 0 0 0 0 0 0 0 1
0 -5.67215 0 0 0 5.67215 0 0 0 0 0 0 0 0 0 0 0 0 0 0 0 0 0 0 0 0 0 0 0 0 1
0 0 0 -24.1546 0 24.1546 0 0 0 0 0 0 0 0 0 0 0 0 0 0 0 0 0 0 0 0 0 0 0 0 0
0 0 0 0 -8.62069 0 8.62069 0 0 0 0 0 0 0 0 0 0 0 0 0 0 0 0 0 0 0 0 0 0 0 1
0 0 0 0 0 -12.1951 12.1951 0 0 0 0 0 0 0 0 0 0 0 0 0 0 0 0 0 0 0 0 0 0 0 1
0 0 0 0 0 -23.8095 0 23.8095 0 0 0 0 0 0 0 0 0 0 0 0 0 0 0 0 0 0 0 0 0 0 0
0 0 0 0 0 -4.80769 0 0 4.80769 0 0 0 0 0 0 0 0 0 0 0 0 0 0 0 0 0 0 0 0 0 1
0 0 0 0 0 -1.79856 0 0 0 1.79856 0 0 0 0 0 0 0 0 0 0 0 0 0 0 0 0 0 0 0 0 1
0 0 0 0 0 0 0 0 -4.80769 0 4.80769 0 0 0 0 0 0 0 0 0 0 0 0 0 0 0 0 0 0 0 0
0 0 0 0 0 0 0 0 -9.09091 9.09091 0 0 0 0 0 0 0 0 0 0 0 0 0 0 0 0 0 0 0 0 1
0 0 0 -3.90625 0 0 0 0 0 0 0 3.90625 0 0 0 0 0 0 0 0 0 0 0 0 0 0 0 0 0 0 1
0 0 0 0 0 0 0 0 0 0 0 -7.14286 7.14286 0 0 0 0 0 0 0 0 0 0 0 0 0 0 0 0 0 1
0 0 0 0 0 0 0 0 0 0 0 -3.90778 0 3.90778 0 0 0 0 0 0 0 0 0 0 0 0 0 0 0 0 1
0 0 0 0 0 0 0 0 0 0 0 -7.66871 0 0 7.66871 0 0 0 0 0 0 0 0 0 0 0 0 0 0 0 1
0 0 0 0 0 0 0 0 0 0 0 -5.03271 0 0 0 5.03271 0 0 0 0 0 0 0 0 0 0 0 0 0 0 0
0 0 0 0 0 0 0 0 0 0 0 0 0 -5.00751 5.00751 0 0 0 0 0 0 0 0 0 0 0 0 0 0 0 0
0 0 0 0 0 0 0 0 0 0 0 0 0 0 0 -5.20021 5.20021 0 0 0 0 0 0 0 0 0 0 0 0 0 1
0 0 0 0 0 0 0 0 0 0 0 0 0 0 -4.57666 0 0 4.57666 0 0 0 0 0 0 0 0 0 0 0 0 1
0 0 0 0 0 0 0 0 0 0 0 0 0 0 0 0 0 -7.73994 7.73994 0 0 0 0 0 0 0 0 0 0 0 0
0 0 0 0 0 0 0 0 0 0 0 0 0 0 0 0 0 0 -14.7059 14.7059 0 0 0 0 0 0 0 0 0 0 0
0 0 0 0 0 0 0 0 0 -4.78469 0 0 0 0 0 0 0 0 0 4.78469 0 0 0 0 0 0 0 0 0 0 1
0 0 0 0 0 0 0 0 0 -11.8343 0 0 0 0 0 0 11.8343 0 0 0 0 0 0 0 0 0 0 0 0 0 1
0 0 0 0 0 0 0 0 0 -13.3511 0 0 0 0 0 0 0 0 0 0 13.3511 0 0 0 0 0 0 0 0 0 0
0 0 0 0 0 0 0 0 0 -6.67111 0 0 0 0 0 0 0 0 0 0 0 6.67111 0 0 0 0 0 0 0 0 1
0 0 0 0 0 0 0 0 0 0 0 0 0 0 0 0 0 0 0 0 -42.3729 0 42.3729 0 0 0 0 0 0 0 0
0 0 0 0 0 0 0 0 0 0 0 0 0 0 -4.9505 0 0 0 0 0 0 0 4.9505 0 0 0 0 0 0 0 1
0 0 0 0 0 0 0 0 0 0 0 0 0 0 0 0 0 0 0 0 0 -5.58659 0 5.58659 0 0 0 0 0 0 1
0 0 0 0 0 0 0 0 0 0 0 0 0 0 0 0 0 0 0 0 0 0 -3.7037 3.7037 0 0 0 0 0 0 0
0 0 0 0 0 0 0 0 0 0 0 0 0 0 0 0 0 0 0 0 0 0 0 -3.03767 3.03767 0 0 0 0 0 1
0 0 0 0 0 0 0 0 0 0 0 0 0 0 0 0 0 0 0 0 0 0 0 0 -2.63158 2.63158 0 0 0 0 1
0 0 0 0 0 0 0 0 0 0 0 0 0 0 0 0 0 0 0 0 0 0 0 0 -4.79157 0 4.79157 0 0 0 1
0 0 0 0 0 0 0 0 0 0 0 0 0 0 0 0 0 0 0 0 0 0 0 0 0 0 2.52525 -2.52525 0 0 0
0 0 0 0 0 0 0 0 0 0 0 0 0 0 0 0 0 0 0 0 0 0 0 0 0 0 -2.4079 0 2.4079 0 1
0 0 0 0 0 0 0 0 0 0 0 0 0 0 0 0 0 0 0 0 0 0 0 0 0 0 -1.6592 0 0 1.6592 1
0 0 0 0 0 0 0 0 0 0 0 0 0 0 0 0 0 0 0 0 0 0 0 0 0 0 0 0 -2.20604 2.20604 1
0 0 0 0 0 0 0 -5 0 0 0 0 0 0 0 0 0 0 0 0 0 0 0 0 0 0 0 5 0 0 1
0 0 0 0 0 -16.6945 0 0 0 0 0 0 0 0 0 0 0 0 0 0 0 0 0 0 0 0 0 16.6945 0 0 1
23.4446 -17.3913 -6.05327 0 0 0 0 0 0 0 0 0 0 0 0 0 0 0 0 0 0 0 0 0 0 0 0 0 0 0 0
-17.3913 33.8634 0 -5.75705 -5.04286 -5.67215 0 0 0 0 0 0 0 0 0 0 0 0 0 0 0 0 0 0 0 0 0 0 0 0 1
-6.05327 0 32.4385 -26.3852 0 0 0 0 0 0 0 0 0 0 0 0 0 0 0 0 0 0 0 0 0 0 0 0 0 0 1
0 -5.75705 -26.3852 60.2031 0 -24.1546 0 0 0 0 0 -3.90625 0 0 0 0 0 0 0 0 0 0 0 0 0 0 0 0 0 0 1
0 -5.04286 0 0 13.6636 0 -8.62069 0 0 0 0 0 0 0 0 0 0 0 0 0 0 0 0 0 0 0 0 0 0 0 1
0 -5.67215 0 -24.1546 0 89.1321 -12.1951 -23.8095 -4.80769 -1.79856 0 0 0 0 0 0 0 0 0 0 0 0 0 0 0 0 0 -16.6945 0 0 0
0 0 0 0 -8.62069 -12.1951 20.8158 0 0 0 0 0 0 0 0 0 0 0 0 0 0 0 0 0 0 0 0 0 0 0 1
0 0 0 0 0 -23.8095 0 28.8095 0 0 0 0 0 0 0 0 0 0 0 0 0 0 0 0 0 0 0 -5 0 0 1
0 0 0 0 0 -4.80769 0 0 18.7063 -9.09091 -4.80769 0 0 0 0 0 0 0 0 0 0 0 0 0 0 0 0 0 0 0 1
0 0 0 0 0 -1.79856 0 0 -9.09091 47.5307 0 0 0 0 0 0 -11.8343 0 0 -4.78469 -13.3511 -6.67111 0 0 0 0 0 0 0 0 0
0 0 0 0 0 0 0 0 -4.80769 0 4.80769 0 0 0 0 0 0 0 0 0 0 0 0 0 0 0 0 0 0 0 1
0 0 0 -3.90625 0 0 0 0 0 0 0 27.6583 -7.14286 -3.90778 -7.66871 -5.03271 0 0 0 0 0 0 0 0 0 0 0 0 0 0 1
0 0 0 0 0 0 0 0 0 0 0 -7.14286 7.14286 0 0 0 0 0 0 0 0 0 0 0 0 0 0 0 0 0 1
0 0 0 0 0 0 0 0 0 0 0 -3.90778 0 8.91529 -5.00751 0 0 0 0 0 0 0 0 0 0 0 0 0 0 0 1
0 0 0 0 0 0 0 0 0 0 0 -7.66871 0 -5.00751 22.2034 0 0 -4.57666 0 0 0 0 -4.9505 0 0 0 0 0 0 0 0
0 0 0 0 0 0 0 0 0 0 0 -5.03271 0 0 0 10.2329 -5.20021 0 0 0 0 0 0 0 0 0 0 0 0 0 1
0 0 0 0 0 0 0 0 0 -11.8343 0 0 0 0 0 -5.20021 17.0345 0 0 0 0 0 0 0 0 0 0 0 0 0 1
0 0 0 0 0 0 0 0 0 0 0 0 0 0 -4.57666 0 0 12.3166 -7.73994 0 0 0 0 0 0 0 0 0 0 0 0
0 0 0 0 0 0 0 0 0 0 0 0 0 0 0 0 0 -7.73994 22.4458 -14.7059 0 0 0 0 0 0 0 0 0 0 1
0 0 0 0 0 0 0 0 0 -4.78469 0 0 0 0 0 0 0 0 -14.7059 19.4906 0 0 0 0 0 0 0 0 0 0 1
0 0 0 0 0 0 0 0 0 -13.3511 0 0 0 0 0 0 0 0 0 0 55.724 0 -42.3729 0 0 0 0 0 0 0 1
0 0 0 0 0 0 0 0 0 -6.67111 0 0 0 0 0 0 0 0 0 0 0 12.2577 0 -5.58659 0 0 0 0 0 0 1
0 0 0 0 0 0 0 0 0 0 0 0 0 0 -4.9505 0 0 0 0 0 -42.3729 0 51.0271 -3.7037 0 0 0 0 0 0 1
0 0 0 0 0 0 0 0 0 0 0 0 0 0 0 0 0 0 0 0 0 -5.58659 -3.7037 12.328 -3.03767 0 0 0 0 0 1
0 0 0 0 0 0 0 0 0 0 0 0 0 0 0 0 0 0 0 0 0 0 0 -3.03767 10.4608 -2.63158 -4.79157 0 0 0 1
0 0 0 0 0 0 0 0 0 0 0 0 0 0 0 0 0 0 0 0 0 0 0 0 -2.63158 2.63158 0 0 0 0 0
0 0 0 0 0 0 0 0 0 0 0 0 0 0 0 0 0 0 0 0 0 0 0 0 -4.79157 0 11.3839 -2.52525 -2.4079 -1.6592 0
0 0 0 0 0 -16.6945 0 -5 0 0 0 0 0 0 0 0 0 0 0 0 0 0 0 0 0 0 -2.52525 24.2197 0 0 1
0 0 0 0 0 0 0 0 0 0 0 0 0 0 0 0 0 0 0 0 0 0 0 0 0 0 -2.4079 0 4.61394 -2.20604 0
0 0 0 0 0 0 0 0 0 0 0 0 0 0 0 0 0 0 0 0 0 0 0 0 0 0 -1.6592 0 -2.20604 3.86524 1

# Number of power flow unique measurement sets
38

# Power flow unique measurement sets
1 42 
2 43 
3 
45 
5 46 
6 47 
7 
49 
50 
10 
11 52 
53 
13 
14 55 
56 
57 
17 58 
18 59 
21 62 
22 63 
23 
25 66 
67 
27 
69 
29 
30 71 
72 
32 
33 74 
34 75 
76 
36 
78 
38 79 
39 80 
81 
41 82 

# Number of power consumption unique measurement sets
22

# Power consumption measurement uniqueness with respect to power flow unique measurements
84 3 5 6 1 
85 2 
86 7 4 
87 5 
89 8 9 
90 
91 13 14 11 
93 
94 17 18 15 
95 16 
96 17 
98 19 
99 19 23 
101 
102 22 
103 26 
104 25 
105 29 27 
106 30 28 
107 31 30 
110 33 37 38 
112 35 36 

# Numbers of IEDs and RTUs
51 30

# Measurements corresponding to IEDs
1 1 2 
2 84 
3 3 5 
4 6 42 
5 85 
6 43 
7 86 
8 7 45 
9 87 
10 46 
11 10 11 
12 41 47 
13 89 
14 49 50 
15 90 
16 91 
17 13 14 52 
18 25 27 53 55 
19 93 
20 94 
21 17 18 56 
22 95 
23 57 
24 96 
25 58 
26 22 30 59 
27 98 
28 21 
29 99 
30 62 67 
31 23 63 
32 101 
33 102 
34 66 
35 103 
36 29 
37 104 
38 69 
39 105 
40 32 71 
41 106 
42 33 72 
43 107 
44 34 74 
45 75 
46 38 76 
47 110 
48 36 81 82 
49 39 78 
50 112 
51 79 80 

# Topology (Links)
81

# Communication Path (among the IEDs, the RTUs, and the MTU)
1 52
2 53
3 53
4 53
5 54
6 54
7 55
8 55
9 56
10 56
11 57
12 57
13 58
14 58
15 59
16 60
17 60
18 61
19 62
20 63
21 63
22 64
23 64
24 65
25 65
26 66
27 67
28 67
29 68
30 68
31 69
32 70
33 71
34 71
35 72
36 72
37 73
38 73
39 74
40 74
41 75
42 75
43 76
44 76
45 77
46 78
47 79
48 79
49 80
50 81
51 81
52 82
77 82
59 82
75 82
76 82
60 82
64 82
66 82
70 82
53 82
65 82
62 82
54 82
69 82
67 82
80 82
63 82
78 82
61 82
81 82
72 82
79 82
68 82
74 82
71 82
56 82
57 82
55 82
73 82
58 82

# k Resiliency requirements (ieds and/or rtus)
4 2
