# Number of states and measurements
14 54

# Jacobian matrix (states and measurement association) and if corresponding measurement is recorded/reported
16.9005 -16.9005 0 0 0 0 0 0 0 0 0 0 0 0 1
4.4835 0 0 0 -4.4835 0 0 0 0 0 0 0 0 0 1
0 5.05127 -5.05127 0 0 0 0 0 0 0 0 0 0 0 1
0 5.67151 0 -5.67151 0 0 0 0 0 0 0 0 0 0 1
0 5.75109 0 0 -5.75109 0 0 0 0 0 0 0 0 0 1
0 0 5.84693 -5.84693 0 0 0 0 0 0 0 0 0 0 1
0 0 0 23.7473 -23.7473 0 0 0 0 0 0 0 0 0 1
0 0 0 4.78194 0 0 -4.78194 0 0 0 0 0 0 0 1
0 0 0 1.79798 0 0 0 0 -1.79798 0 0 0 0 0 1
0 0 0 0 3.96794 -3.96794 0 0 0 0 0 0 0 0 0
0 0 0 0 0 5.02765 0 0 0 0 -5.02765 0 0 0 1
0 0 0 0 0 3.90915 0 0 0 0 0 -3.90915 0 0 1
0 0 0 0 0 7.67636 0 0 0 0 0 0 -7.67636 0 1
0 0 0 0 0 0 5.67698 -5.67698 0 0 0 0 0 0 1
0 0 0 0 0 0 9.09008 0 -9.09008 0 0 0 0 0 1
0 0 0 0 0 0 0 0 11.8343 -11.8343 0 0 0 0 1
0 0 0 0 0 0 0 0 3.6985 0 0 0 0 -3.6985 1
0 0 0 0 0 0 0 0 0 5.20644 -5.20644 0 0 0 1
0 0 0 0 0 0 0 0 0 0 0 5.003 -5.003 0 0
0 0 0 0 0 0 0 0 0 0 0 0 -2.8734 2.8734 1
-16.9005 16.9005 0 0 0 0 0 0 0 0 0 0 0 0 1
-4.4835 0 0 0 4.4835 0 0 0 0 0 0 0 0 0 1
0 -5.05127 5.05127 0 0 0 0 0 0 0 0 0 0 0 1
0 -5.67151 0 5.67151 0 0 0 0 0 0 0 0 0 0 1
0 -5.75109 0 0 5.75109 0 0 0 0 0 0 0 0 0 1
0 0 -5.84693 5.84693 0 0 0 0 0 0 0 0 0 0 1
0 0 0 -23.7473 23.7473 0 0 0 0 0 0 0 0 0 0
0 0 0 -4.78194 0 0 4.78194 0 0 0 0 0 0 0 1
0 0 0 -1.79798 0 0 0 0 1.79798 0 0 0 0 0 1
0 0 0 0 -3.96794 3.96794 0 0 0 0 0 0 0 0 1
0 0 0 0 0 -5.02765 0 0 0 0 5.02765 0 0 0 1
0 0 0 0 0 -3.90915 0 0 0 0 0 3.90915 0 0 1
0 0 0 0 0 -7.67636 0 0 0 0 0 0 7.67636 0 1
0 0 0 0 0 0 -5.67698 5.67698 0 0 0 0 0 0 1
0 0 0 0 0 0 -9.09008 0 9.09008 0 0 0 0 0 0
0 0 0 0 0 0 0 0 -11.8343 11.8343 0 0 0 0 1
0 0 0 0 0 0 0 0 -3.6985 0 0 0 0 3.6985 1
0 0 0 0 0 0 0 0 0 -5.20644 5.20644 0 0 0 1
0 0 0 0 0 0 0 0 0 0 0 -5.003 5.003 0 1
0 0 0 0 0 0 0 0 0 0 0 0 2.8734 -2.8734 1
21.384 -16.9005 0 0 -4.4835 0 0 0 0 0 0 0 0 0 1
-16.9005 33.3743 -5.05127 -5.67151 -5.75109 0 0 0 0 0 0 0 0 0 1
0 -5.05127 10.8982 -5.84693 0 0 0 0 0 0 0 0 0 0 0
0 -5.67151 -5.84693 41.8457 -23.7473 0 -4.78194 0 -1.79798 0 0 0 0 0 1
-4.4835 -5.75109 0 -23.7473 37.9499 -3.96794 0 0 0 0 0 0 0 0 1
0 0 0 0 -3.96794 20.5811 0 0 0 0 -5.02765 -3.90915 -7.67636 0 1
0 0 0 -4.78194 0 0 19.549 -5.67698 -9.09008 0 0 0 0 0 1
0 0 0 0 0 0 -5.67698 5.67698 0 0 0 0 0 0 1
0 0 0 -1.79798 0 0 -9.09008 0 26.4209 -11.8343 0 0 0 -3.6985 1
0 0 0 0 0 0 0 0 -11.8343 17.0408 -5.20644 0 0 0 1
0 0 0 0 0 -5.02765 0 0 0 -5.20644 10.2341 0 0 0 1
0 0 0 0 0 -3.90915 0 0 0 0 0 8.91215 -5.003 0 0
0 0 0 0 0 -7.67636 0 0 0 0 0 -5.003 15.5528 -2.8734 1
0 0 0 0 0 0 0 0 -3.6985 0 0 0 -2.8734 6.5719 1

# Number of power flow unique measurement sets
20

# Power flow unique measurement sets
1 21 
2 22 
3 23 
4 24 
5 25 
6 26 
7 
8 28 
9 29 
30 
11 31 
12 32 
13 33 
14 34 
15 
16 36 
17 37 
18 38 
39 
20 40 

# Number of power consumption unique measurement sets
12

# Power consumption measurement uniqueness with respect to power flow unique measurements
41 1 2 
42 3 4 5 1 
44 7 8 9 4 6 
45 2 5 
46 11 12 13 10 
47 14 15 8 
48 14 
49 16 17 9 
50 18 16 
51 11 18 
53 20 13 19 
54 17 20 

# Numbers of IEDs and RTUs
28 14

# Measurements corresponding to IEDs
1 41 
2 1 2 
3 42 
4 3 4 5 21 
5 6 23 
6 44 
7 7 8 9 
8 24 26 
9 45 
10 22 25 
11 46 
12 11 12 13 30 
13 47 
14 14 15 28 
15 48 
16 34 
17 49 
18 16 17 
19 29 
20 50 
21 18 36 
22 51 
23 31 38 
24 32 
25 53 
26 20 33 39 
27 54 
28 37 40 

# Topology (Links)
42

# Communication Path (among the IEDs, the RTUs, and the MTU)
1 29
2 29
3 30
4 30
5 31
6 32
7 32
8 32
9 33
10 33
11 34
12 34
13 35
14 35
15 36
16 36
17 37
18 37
19 37
20 38
21 38
22 39
23 39
24 40
25 41
26 41
27 42
28 42
41 43
33 43
42 43
36 43
39 43
29 43
40 43
32 43
38 43
30 43
35 43
31 43
34 43
37 43

# k Resiliency requirements (ieds and/or rtus)
7 0
