# Number of states and measurements
14 54

# Jacobian matrix (states and measurement association) and if corresponding measurement is recorded/reported
16.9005 -16.9005 0 0 0 0 0 0 0 0 0 0 0 0 1
4.4835 0 0 0 -4.4835 0 0 0 0 0 0 0 0 0 0
0 5.05127 -5.05127 0 0 0 0 0 0 0 0 0 0 0 1
0 5.67151 0 -5.67151 0 0 0 0 0 0 0 0 0 0 1
0 5.75109 0 0 -5.75109 0 0 0 0 0 0 0 0 0 0
0 0 5.84693 -5.84693 0 0 0 0 0 0 0 0 0 0 1
0 0 0 23.7473 -23.7473 0 0 0 0 0 0 0 0 0 1
0 0 0 4.78194 0 0 -4.78194 0 0 0 0 0 0 0 1
0 0 0 1.79798 0 0 0 0 -1.79798 0 0 0 0 0 1
0 0 0 0 3.96794 -3.96794 0 0 0 0 0 0 0 0 0
0 0 0 0 0 5.02765 0 0 0 0 -5.02765 0 0 0 1
0 0 0 0 0 3.90915 0 0 0 0 0 -3.90915 0 0 1
0 0 0 0 0 7.67636 0 0 0 0 0 0 -7.67636 0 1
0 0 0 0 0 0 5.67698 -5.67698 0 0 0 0 0 0 0
0 0 0 0 0 0 9.09008 0 -9.09008 0 0 0 0 0 1
0 0 0 0 0 0 0 0 11.8343 -11.8343 0 0 0 0 1
0 0 0 0 0 0 0 0 3.6985 0 0 0 0 -3.6985 0
0 0 0 0 0 0 0 0 0 5.20644 -5.20644 0 0 0 1
0 0 0 0 0 0 0 0 0 0 0 5.003 -5.003 0 0
0 0 0 0 0 0 0 0 0 0 0 0 -2.8734 2.8734 1
-16.9005 16.9005 0 0 0 0 0 0 0 0 0 0 0 0 1
-4.4835 0 0 0 4.4835 0 0 0 0 0 0 0 0 0 0
0 -5.05127 5.05127 0 0 0 0 0 0 0 0 0 0 0 1
0 -5.67151 0 5.67151 0 0 0 0 0 0 0 0 0 0 1
0 -5.75109 0 0 5.75109 0 0 0 0 0 0 0 0 0 1
0 0 -5.84693 5.84693 0 0 0 0 0 0 0 0 0 0 1
0 0 0 -23.7473 23.7473 0 0 0 0 0 0 0 0 0 0
0 0 0 -4.78194 0 0 4.78194 0 0 0 0 0 0 0 1
0 0 0 -1.79798 0 0 0 0 1.79798 0 0 0 0 0 1
0 0 0 0 -3.96794 3.96794 0 0 0 0 0 0 0 0 0
0 0 0 0 0 -5.02765 0 0 0 0 5.02765 0 0 0 1
0 0 0 0 0 -3.90915 0 0 0 0 0 3.90915 0 0 1
0 0 0 0 0 -7.67636 0 0 0 0 0 0 7.67636 0 1
0 0 0 0 0 0 -5.67698 5.67698 0 0 0 0 0 0 1
0 0 0 0 0 0 -9.09008 0 9.09008 0 0 0 0 0 0
0 0 0 0 0 0 0 0 -11.8343 11.8343 0 0 0 0 1
0 0 0 0 0 0 0 0 -3.6985 0 0 0 0 3.6985 1
0 0 0 0 0 0 0 0 0 -5.20644 5.20644 0 0 0 0
0 0 0 0 0 0 0 0 0 0 0 -5.003 5.003 0 1
0 0 0 0 0 0 0 0 0 0 0 0 2.8734 -2.8734 1
21.384 -16.9005 0 0 -4.4835 0 0 0 0 0 0 0 0 0 0
-16.9005 33.3743 -5.05127 -5.67151 -5.75109 0 0 0 0 0 0 0 0 0 1
0 -5.05127 10.8982 -5.84693 0 0 0 0 0 0 0 0 0 0 0
0 -5.67151 -5.84693 41.8457 -23.7473 0 -4.78194 0 -1.79798 0 0 0 0 0 1
-4.4835 -5.75109 0 -23.7473 37.9499 -3.96794 0 0 0 0 0 0 0 0 1
0 0 0 0 -3.96794 20.5811 0 0 0 0 -5.02765 -3.90915 -7.67636 0 1
0 0 0 -4.78194 0 0 19.549 -5.67698 -9.09008 0 0 0 0 0 0
0 0 0 0 0 0 -5.67698 5.67698 0 0 0 0 0 0 1
0 0 0 -1.79798 0 0 -9.09008 0 26.4209 -11.8343 0 0 0 -3.6985 0
0 0 0 0 0 0 0 0 -11.8343 17.0408 -5.20644 0 0 0 1
0 0 0 0 0 -5.02765 0 0 0 -5.20644 10.2341 0 0 0 1
0 0 0 0 0 -3.90915 0 0 0 0 0 8.91215 -5.003 0 0
0 0 0 0 0 -7.67636 0 0 0 0 0 -5.003 15.5528 -2.8734 1
0 0 0 0 0 0 0 0 -3.6985 0 0 0 -2.8734 6.5719 1

# Number of power flow unique measurement sets
18

# Power flow unique measurement sets
1 21 
3 23 
4 24 
25 
6 26 
7 
8 28 
9 29 
11 31 
12 32 
13 33 
34 
15 
16 36 
37 
18 
39 
20 40 

# Number of power consumption unique measurement sets
9

# Power consumption measurement uniqueness with respect to power flow unique measurements
42 2 3 1 
44 6 7 8 3 5 
45 4 
46 9 10 11 
48 12 
50 16 14 
51 9 
53 18 11 17 
54 15 18 

# Numbers of IEDs and RTUs
26 14

# Measurements corresponding to IEDs
1 1 
2 42 
3 3 4 
4 21 
5 6 23 
6 44 
7 7 8 9 24 
8 26 
9 45 
10 25 
11 46 
12 11 12 13 
13 15 28 
14 48 
15 34 
16 16 29 
17 50 
18 18 36 
19 51 
20 31 
21 32 
22 53 
23 20 33 
24 39 
25 54 
26 37 40 

# Topology (Links)
40

# Communication Path (among the IEDs, the RTUs, and the MTU)
1 27
2 28
3 28
4 28
5 29
6 30
7 30
8 30
9 31
10 31
11 32
12 32
13 33
14 34
15 34
16 35
17 36
18 36
19 37
20 37
21 38
22 39
23 39
24 39
25 40
26 40
38 41
30 38
28 41
40 41
37 40
36 41
39 37
35 38
32 41
27 41
31 35
34 41
29 41
33 41

# k Resiliency requirements (ieds and/or rtus)
1 0
