# Number of states and measurements
14 54

# Jacobian matrix (states and measurement association) and if corresponding measurement is recorded/reported
16.9005 -16.9005 0 0 0 0 0 0 0 0 0 0 0 0 0
4.4835 0 0 0 -4.4835 0 0 0 0 0 0 0 0 0 0
0 5.05127 -5.05127 0 0 0 0 0 0 0 0 0 0 0 1
0 5.67151 0 -5.67151 0 0 0 0 0 0 0 0 0 0 1
0 5.75109 0 0 -5.75109 0 0 0 0 0 0 0 0 0 0
0 0 5.84693 -5.84693 0 0 0 0 0 0 0 0 0 0 1
0 0 0 23.7473 -23.7473 0 0 0 0 0 0 0 0 0 1
0 0 0 4.78194 0 0 -4.78194 0 0 0 0 0 0 0 1
0 0 0 1.79798 0 0 0 0 -1.79798 0 0 0 0 0 1
0 0 0 0 3.96794 -3.96794 0 0 0 0 0 0 0 0 0
0 0 0 0 0 5.02765 0 0 0 0 -5.02765 0 0 0 1
0 0 0 0 0 3.90915 0 0 0 0 0 -3.90915 0 0 1
0 0 0 0 0 7.67636 0 0 0 0 0 0 -7.67636 0 1
0 0 0 0 0 0 5.67698 -5.67698 0 0 0 0 0 0 0
0 0 0 0 0 0 9.09008 0 -9.09008 0 0 0 0 0 1
0 0 0 0 0 0 0 0 11.8343 -11.8343 0 0 0 0 1
0 0 0 0 0 0 0 0 3.6985 0 0 0 0 -3.6985 1
0 0 0 0 0 0 0 0 0 5.20644 -5.20644 0 0 0 1
0 0 0 0 0 0 0 0 0 0 0 5.003 -5.003 0 0
0 0 0 0 0 0 0 0 0 0 0 0 -2.8734 2.8734 1
-16.9005 16.9005 0 0 0 0 0 0 0 0 0 0 0 0 1
-4.4835 0 0 0 4.4835 0 0 0 0 0 0 0 0 0 0
0 -5.05127 5.05127 0 0 0 0 0 0 0 0 0 0 0 1
0 -5.67151 0 5.67151 0 0 0 0 0 0 0 0 0 0 1
0 -5.75109 0 0 5.75109 0 0 0 0 0 0 0 0 0 1
0 0 -5.84693 5.84693 0 0 0 0 0 0 0 0 0 0 1
0 0 0 -23.7473 23.7473 0 0 0 0 0 0 0 0 0 0
0 0 0 -4.78194 0 0 4.78194 0 0 0 0 0 0 0 1
0 0 0 -1.79798 0 0 0 0 1.79798 0 0 0 0 0 1
0 0 0 0 -3.96794 3.96794 0 0 0 0 0 0 0 0 0
0 0 0 0 0 -5.02765 0 0 0 0 5.02765 0 0 0 1
0 0 0 0 0 -3.90915 0 0 0 0 0 3.90915 0 0 1
0 0 0 0 0 -7.67636 0 0 0 0 0 0 7.67636 0 1
0 0 0 0 0 0 -5.67698 5.67698 0 0 0 0 0 0 1
0 0 0 0 0 0 -9.09008 0 9.09008 0 0 0 0 0 0
0 0 0 0 0 0 0 0 -11.8343 11.8343 0 0 0 0 1
0 0 0 0 0 0 0 0 -3.6985 0 0 0 0 3.6985 1
0 0 0 0 0 0 0 0 0 -5.20644 5.20644 0 0 0 1
0 0 0 0 0 0 0 0 0 0 0 -5.003 5.003 0 1
0 0 0 0 0 0 0 0 0 0 0 0 2.8734 -2.8734 1
21.384 -16.9005 0 0 -4.4835 0 0 0 0 0 0 0 0 0 0
-16.9005 33.3743 -5.05127 -5.67151 -5.75109 0 0 0 0 0 0 0 0 0 1
0 -5.05127 10.8982 -5.84693 0 0 0 0 0 0 0 0 0 0 0
0 -5.67151 -5.84693 41.8457 -23.7473 0 -4.78194 0 -1.79798 0 0 0 0 0 1
-4.4835 -5.75109 0 -23.7473 37.9499 -3.96794 0 0 0 0 0 0 0 0 1
0 0 0 0 -3.96794 20.5811 0 0 0 0 -5.02765 -3.90915 -7.67636 0 1
0 0 0 -4.78194 0 0 19.549 -5.67698 -9.09008 0 0 0 0 0 1
0 0 0 0 0 0 -5.67698 5.67698 0 0 0 0 0 0 1
0 0 0 -1.79798 0 0 -9.09008 0 26.4209 -11.8343 0 0 0 -3.6985 1
0 0 0 0 0 0 0 0 -11.8343 17.0408 -5.20644 0 0 0 1
0 0 0 0 0 -5.02765 0 0 0 -5.20644 10.2341 0 0 0 1
0 0 0 0 0 -3.90915 0 0 0 0 0 8.91215 -5.003 0 0
0 0 0 0 0 -7.67636 0 0 0 0 0 -5.003 15.5528 -2.8734 1
0 0 0 0 0 0 0 0 -3.6985 0 0 0 -2.8734 6.5719 1

# Number of power flow unique measurement sets
18

# Power flow unique measurement sets
21 
3 23 
4 24 
25 
6 26 
7 
8 28 
9 29 
11 31 
12 32 
13 33 
34 
15 
16 36 
17 37 
18 38 
39 
20 40 

# Number of power consumption unique measurement sets
11

# Power consumption measurement uniqueness with respect to power flow unique measurements
42 2 3 1 
44 6 7 8 3 5 
45 4 
46 9 10 11 
47 13 7 
48 12 
49 14 15 8 
50 16 14 
51 9 16 
53 18 11 17 
54 15 18 

# Numbers of IEDs and RTUs
29 13

# Measurements corresponding to IEDs
1 42 
2 3 4 21 
3 6 23 
4 44 
5 7 8 
6 9 24 
7 26 
8 45 
9 25 
10 46 
11 11 12 
12 13 
13 47 
14 15 28 
15 48 
16 34 
17 49 
18 16 17 
19 29 
20 50 
21 18 36 
22 51 
23 31 38 
24 32 
25 53 
26 20 33 
27 39 
28 54 
29 37 40 

# Topology (Links)
42

# Communication Path (among the IEDs, the RTUs, and the MTU)
1 30
2 30
3 31
4 32
5 32
6 32
7 32
8 33
9 33
10 34
11 34
12 34
13 35
14 35
15 36
16 36
17 37
18 37
19 37
20 38
21 38
22 39
23 39
24 40
25 41
26 41
27 41
28 42
29 42
41 43
35 41
42 35
33 35
34 35
36 43
40 42
38 33
30 34
31 42
32 34
39 30
37 43

# k Resiliency requirements (ieds and/or rtus)
2 1
