# Number of states and measurements
30 112

# Jacobian matrix (states and measurement association) and if corresponding measurement is recorded/reported
17.3913 -17.3913 0 0 0 0 0 0 0 0 0 0 0 0 0 0 0 0 0 0 0 0 0 0 0 0 0 0 0 0 1
6.05327 0 -6.05327 0 0 0 0 0 0 0 0 0 0 0 0 0 0 0 0 0 0 0 0 0 0 0 0 0 0 0 1
0 5.75705 0 -5.75705 0 0 0 0 0 0 0 0 0 0 0 0 0 0 0 0 0 0 0 0 0 0 0 0 0 0 1
0 0 26.3852 -26.3852 0 0 0 0 0 0 0 0 0 0 0 0 0 0 0 0 0 0 0 0 0 0 0 0 0 0 0
0 5.04286 0 0 -5.04286 0 0 0 0 0 0 0 0 0 0 0 0 0 0 0 0 0 0 0 0 0 0 0 0 0 1
0 5.67215 0 0 0 -5.67215 0 0 0 0 0 0 0 0 0 0 0 0 0 0 0 0 0 0 0 0 0 0 0 0 1
0 0 0 24.1546 0 -24.1546 0 0 0 0 0 0 0 0 0 0 0 0 0 0 0 0 0 0 0 0 0 0 0 0 1
0 0 0 0 8.62069 0 -8.62069 0 0 0 0 0 0 0 0 0 0 0 0 0 0 0 0 0 0 0 0 0 0 0 0
0 0 0 0 0 12.1951 -12.1951 0 0 0 0 0 0 0 0 0 0 0 0 0 0 0 0 0 0 0 0 0 0 0 0
0 0 0 0 0 23.8095 0 -23.8095 0 0 0 0 0 0 0 0 0 0 0 0 0 0 0 0 0 0 0 0 0 0 1
0 0 0 0 0 4.80769 0 0 -4.80769 0 0 0 0 0 0 0 0 0 0 0 0 0 0 0 0 0 0 0 0 0 1
0 0 0 0 0 1.79856 0 0 0 -1.79856 0 0 0 0 0 0 0 0 0 0 0 0 0 0 0 0 0 0 0 0 0
0 0 0 0 0 0 0 0 4.80769 0 -4.80769 0 0 0 0 0 0 0 0 0 0 0 0 0 0 0 0 0 0 0 1
0 0 0 0 0 0 0 0 9.09091 -9.09091 0 0 0 0 0 0 0 0 0 0 0 0 0 0 0 0 0 0 0 0 1
0 0 0 3.90625 0 0 0 0 0 0 0 -3.90625 0 0 0 0 0 0 0 0 0 0 0 0 0 0 0 0 0 0 0
0 0 0 0 0 0 0 0 0 0 0 7.14286 -7.14286 0 0 0 0 0 0 0 0 0 0 0 0 0 0 0 0 0 0
0 0 0 0 0 0 0 0 0 0 0 3.90778 0 -3.90778 0 0 0 0 0 0 0 0 0 0 0 0 0 0 0 0 1
0 0 0 0 0 0 0 0 0 0 0 7.66871 0 0 -7.66871 0 0 0 0 0 0 0 0 0 0 0 0 0 0 0 1
0 0 0 0 0 0 0 0 0 0 0 5.03271 0 0 0 -5.03271 0 0 0 0 0 0 0 0 0 0 0 0 0 0 0
0 0 0 0 0 0 0 0 0 0 0 0 0 5.00751 -5.00751 0 0 0 0 0 0 0 0 0 0 0 0 0 0 0 0
0 0 0 0 0 0 0 0 0 0 0 0 0 0 0 5.20021 -5.20021 0 0 0 0 0 0 0 0 0 0 0 0 0 1
0 0 0 0 0 0 0 0 0 0 0 0 0 0 4.57666 0 0 -4.57666 0 0 0 0 0 0 0 0 0 0 0 0 1
0 0 0 0 0 0 0 0 0 0 0 0 0 0 0 0 0 7.73994 -7.73994 0 0 0 0 0 0 0 0 0 0 0 1
0 0 0 0 0 0 0 0 0 0 0 0 0 0 0 0 0 0 14.7059 -14.7059 0 0 0 0 0 0 0 0 0 0 0
0 0 0 0 0 0 0 0 0 4.78469 0 0 0 0 0 0 0 0 0 -4.78469 0 0 0 0 0 0 0 0 0 0 1
0 0 0 0 0 0 0 0 0 11.8343 0 0 0 0 0 0 -11.8343 0 0 0 0 0 0 0 0 0 0 0 0 0 0
0 0 0 0 0 0 0 0 0 13.3511 0 0 0 0 0 0 0 0 0 0 -13.3511 0 0 0 0 0 0 0 0 0 1
0 0 0 0 0 0 0 0 0 6.67111 0 0 0 0 0 0 0 0 0 0 0 -6.67111 0 0 0 0 0 0 0 0 0
0 0 0 0 0 0 0 0 0 0 0 0 0 0 0 0 0 0 0 0 42.3729 0 -42.3729 0 0 0 0 0 0 0 1
0 0 0 0 0 0 0 0 0 0 0 0 0 0 4.9505 0 0 0 0 0 0 0 -4.9505 0 0 0 0 0 0 0 1
0 0 0 0 0 0 0 0 0 0 0 0 0 0 0 0 0 0 0 0 0 5.58659 0 -5.58659 0 0 0 0 0 0 0
0 0 0 0 0 0 0 0 0 0 0 0 0 0 0 0 0 0 0 0 0 0 3.7037 -3.7037 0 0 0 0 0 0 1
0 0 0 0 0 0 0 0 0 0 0 0 0 0 0 0 0 0 0 0 0 0 0 3.03767 -3.03767 0 0 0 0 0 1
0 0 0 0 0 0 0 0 0 0 0 0 0 0 0 0 0 0 0 0 0 0 0 0 2.63158 -2.63158 0 0 0 0 1
0 0 0 0 0 0 0 0 0 0 0 0 0 0 0 0 0 0 0 0 0 0 0 0 4.79157 0 -4.79157 0 0 0 0
0 0 0 0 0 0 0 0 0 0 0 0 0 0 0 0 0 0 0 0 0 0 0 0 0 0 -2.52525 2.52525 0 0 1
0 0 0 0 0 0 0 0 0 0 0 0 0 0 0 0 0 0 0 0 0 0 0 0 0 0 2.4079 0 -2.4079 0 0
0 0 0 0 0 0 0 0 0 0 0 0 0 0 0 0 0 0 0 0 0 0 0 0 0 0 1.6592 0 0 -1.6592 1
0 0 0 0 0 0 0 0 0 0 0 0 0 0 0 0 0 0 0 0 0 0 0 0 0 0 0 0 2.20604 -2.20604 1
0 0 0 0 0 0 0 5 0 0 0 0 0 0 0 0 0 0 0 0 0 0 0 0 0 0 0 -5 0 0 0
0 0 0 0 0 16.6945 0 0 0 0 0 0 0 0 0 0 0 0 0 0 0 0 0 0 0 0 0 -16.6945 0 0 1
-17.3913 17.3913 0 0 0 0 0 0 0 0 0 0 0 0 0 0 0 0 0 0 0 0 0 0 0 0 0 0 0 0 1
-6.05327 0 6.05327 0 0 0 0 0 0 0 0 0 0 0 0 0 0 0 0 0 0 0 0 0 0 0 0 0 0 0 1
0 -5.75705 0 5.75705 0 0 0 0 0 0 0 0 0 0 0 0 0 0 0 0 0 0 0 0 0 0 0 0 0 0 0
0 0 -26.3852 26.3852 0 0 0 0 0 0 0 0 0 0 0 0 0 0 0 0 0 0 0 0 0 0 0 0 0 0 1
0 -5.04286 0 0 5.04286 0 0 0 0 0 0 0 0 0 0 0 0 0 0 0 0 0 0 0 0 0 0 0 0 0 1
0 -5.67215 0 0 0 5.67215 0 0 0 0 0 0 0 0 0 0 0 0 0 0 0 0 0 0 0 0 0 0 0 0 1
0 0 0 -24.1546 0 24.1546 0 0 0 0 0 0 0 0 0 0 0 0 0 0 0 0 0 0 0 0 0 0 0 0 0
0 0 0 0 -8.62069 0 8.62069 0 0 0 0 0 0 0 0 0 0 0 0 0 0 0 0 0 0 0 0 0 0 0 1
0 0 0 0 0 -12.1951 12.1951 0 0 0 0 0 0 0 0 0 0 0 0 0 0 0 0 0 0 0 0 0 0 0 1
0 0 0 0 0 -23.8095 0 23.8095 0 0 0 0 0 0 0 0 0 0 0 0 0 0 0 0 0 0 0 0 0 0 0
0 0 0 0 0 -4.80769 0 0 4.80769 0 0 0 0 0 0 0 0 0 0 0 0 0 0 0 0 0 0 0 0 0 1
0 0 0 0 0 -1.79856 0 0 0 1.79856 0 0 0 0 0 0 0 0 0 0 0 0 0 0 0 0 0 0 0 0 1
0 0 0 0 0 0 0 0 -4.80769 0 4.80769 0 0 0 0 0 0 0 0 0 0 0 0 0 0 0 0 0 0 0 0
0 0 0 0 0 0 0 0 -9.09091 9.09091 0 0 0 0 0 0 0 0 0 0 0 0 0 0 0 0 0 0 0 0 1
0 0 0 -3.90625 0 0 0 0 0 0 0 3.90625 0 0 0 0 0 0 0 0 0 0 0 0 0 0 0 0 0 0 1
0 0 0 0 0 0 0 0 0 0 0 -7.14286 7.14286 0 0 0 0 0 0 0 0 0 0 0 0 0 0 0 0 0 1
0 0 0 0 0 0 0 0 0 0 0 -3.90778 0 3.90778 0 0 0 0 0 0 0 0 0 0 0 0 0 0 0 0 1
0 0 0 0 0 0 0 0 0 0 0 -7.66871 0 0 7.66871 0 0 0 0 0 0 0 0 0 0 0 0 0 0 0 1
0 0 0 0 0 0 0 0 0 0 0 -5.03271 0 0 0 5.03271 0 0 0 0 0 0 0 0 0 0 0 0 0 0 0
0 0 0 0 0 0 0 0 0 0 0 0 0 -5.00751 5.00751 0 0 0 0 0 0 0 0 0 0 0 0 0 0 0 0
0 0 0 0 0 0 0 0 0 0 0 0 0 0 0 -5.20021 5.20021 0 0 0 0 0 0 0 0 0 0 0 0 0 1
0 0 0 0 0 0 0 0 0 0 0 0 0 0 -4.57666 0 0 4.57666 0 0 0 0 0 0 0 0 0 0 0 0 1
0 0 0 0 0 0 0 0 0 0 0 0 0 0 0 0 0 -7.73994 7.73994 0 0 0 0 0 0 0 0 0 0 0 0
0 0 0 0 0 0 0 0 0 0 0 0 0 0 0 0 0 0 -14.7059 14.7059 0 0 0 0 0 0 0 0 0 0 0
0 0 0 0 0 0 0 0 0 -4.78469 0 0 0 0 0 0 0 0 0 4.78469 0 0 0 0 0 0 0 0 0 0 1
0 0 0 0 0 0 0 0 0 -11.8343 0 0 0 0 0 0 11.8343 0 0 0 0 0 0 0 0 0 0 0 0 0 1
0 0 0 0 0 0 0 0 0 -13.3511 0 0 0 0 0 0 0 0 0 0 13.3511 0 0 0 0 0 0 0 0 0 0
0 0 0 0 0 0 0 0 0 -6.67111 0 0 0 0 0 0 0 0 0 0 0 6.67111 0 0 0 0 0 0 0 0 1
0 0 0 0 0 0 0 0 0 0 0 0 0 0 0 0 0 0 0 0 -42.3729 0 42.3729 0 0 0 0 0 0 0 0
0 0 0 0 0 0 0 0 0 0 0 0 0 0 -4.9505 0 0 0 0 0 0 0 4.9505 0 0 0 0 0 0 0 1
0 0 0 0 0 0 0 0 0 0 0 0 0 0 0 0 0 0 0 0 0 -5.58659 0 5.58659 0 0 0 0 0 0 1
0 0 0 0 0 0 0 0 0 0 0 0 0 0 0 0 0 0 0 0 0 0 -3.7037 3.7037 0 0 0 0 0 0 0
0 0 0 0 0 0 0 0 0 0 0 0 0 0 0 0 0 0 0 0 0 0 0 -3.03767 3.03767 0 0 0 0 0 1
0 0 0 0 0 0 0 0 0 0 0 0 0 0 0 0 0 0 0 0 0 0 0 0 -2.63158 2.63158 0 0 0 0 1
0 0 0 0 0 0 0 0 0 0 0 0 0 0 0 0 0 0 0 0 0 0 0 0 -4.79157 0 4.79157 0 0 0 1
0 0 0 0 0 0 0 0 0 0 0 0 0 0 0 0 0 0 0 0 0 0 0 0 0 0 2.52525 -2.52525 0 0 0
0 0 0 0 0 0 0 0 0 0 0 0 0 0 0 0 0 0 0 0 0 0 0 0 0 0 -2.4079 0 2.4079 0 1
0 0 0 0 0 0 0 0 0 0 0 0 0 0 0 0 0 0 0 0 0 0 0 0 0 0 -1.6592 0 0 1.6592 1
0 0 0 0 0 0 0 0 0 0 0 0 0 0 0 0 0 0 0 0 0 0 0 0 0 0 0 0 -2.20604 2.20604 1
0 0 0 0 0 0 0 -5 0 0 0 0 0 0 0 0 0 0 0 0 0 0 0 0 0 0 0 5 0 0 1
0 0 0 0 0 -16.6945 0 0 0 0 0 0 0 0 0 0 0 0 0 0 0 0 0 0 0 0 0 16.6945 0 0 1
23.4446 -17.3913 -6.05327 0 0 0 0 0 0 0 0 0 0 0 0 0 0 0 0 0 0 0 0 0 0 0 0 0 0 0 0
-17.3913 33.8634 0 -5.75705 -5.04286 -5.67215 0 0 0 0 0 0 0 0 0 0 0 0 0 0 0 0 0 0 0 0 0 0 0 0 1
-6.05327 0 32.4385 -26.3852 0 0 0 0 0 0 0 0 0 0 0 0 0 0 0 0 0 0 0 0 0 0 0 0 0 0 1
0 -5.75705 -26.3852 60.2031 0 -24.1546 0 0 0 0 0 -3.90625 0 0 0 0 0 0 0 0 0 0 0 0 0 0 0 0 0 0 1
0 -5.04286 0 0 13.6636 0 -8.62069 0 0 0 0 0 0 0 0 0 0 0 0 0 0 0 0 0 0 0 0 0 0 0 1
0 -5.67215 0 -24.1546 0 89.1321 -12.1951 -23.8095 -4.80769 -1.79856 0 0 0 0 0 0 0 0 0 0 0 0 0 0 0 0 0 -16.6945 0 0 0
0 0 0 0 -8.62069 -12.1951 20.8158 0 0 0 0 0 0 0 0 0 0 0 0 0 0 0 0 0 0 0 0 0 0 0 1
0 0 0 0 0 -23.8095 0 28.8095 0 0 0 0 0 0 0 0 0 0 0 0 0 0 0 0 0 0 0 -5 0 0 1
0 0 0 0 0 -4.80769 0 0 18.7063 -9.09091 -4.80769 0 0 0 0 0 0 0 0 0 0 0 0 0 0 0 0 0 0 0 1
0 0 0 0 0 -1.79856 0 0 -9.09091 47.5307 0 0 0 0 0 0 -11.8343 0 0 -4.78469 -13.3511 -6.67111 0 0 0 0 0 0 0 0 0
0 0 0 0 0 0 0 0 -4.80769 0 4.80769 0 0 0 0 0 0 0 0 0 0 0 0 0 0 0 0 0 0 0 1
0 0 0 -3.90625 0 0 0 0 0 0 0 27.6583 -7.14286 -3.90778 -7.66871 -5.03271 0 0 0 0 0 0 0 0 0 0 0 0 0 0 1
0 0 0 0 0 0 0 0 0 0 0 -7.14286 7.14286 0 0 0 0 0 0 0 0 0 0 0 0 0 0 0 0 0 1
0 0 0 0 0 0 0 0 0 0 0 -3.90778 0 8.91529 -5.00751 0 0 0 0 0 0 0 0 0 0 0 0 0 0 0 1
0 0 0 0 0 0 0 0 0 0 0 -7.66871 0 -5.00751 22.2034 0 0 -4.57666 0 0 0 0 -4.9505 0 0 0 0 0 0 0 0
0 0 0 0 0 0 0 0 0 0 0 -5.03271 0 0 0 10.2329 -5.20021 0 0 0 0 0 0 0 0 0 0 0 0 0 1
0 0 0 0 0 0 0 0 0 -11.8343 0 0 0 0 0 -5.20021 17.0345 0 0 0 0 0 0 0 0 0 0 0 0 0 1
0 0 0 0 0 0 0 0 0 0 0 0 0 0 -4.57666 0 0 12.3166 -7.73994 0 0 0 0 0 0 0 0 0 0 0 0
0 0 0 0 0 0 0 0 0 0 0 0 0 0 0 0 0 -7.73994 22.4458 -14.7059 0 0 0 0 0 0 0 0 0 0 1
0 0 0 0 0 0 0 0 0 -4.78469 0 0 0 0 0 0 0 0 -14.7059 19.4906 0 0 0 0 0 0 0 0 0 0 1
0 0 0 0 0 0 0 0 0 -13.3511 0 0 0 0 0 0 0 0 0 0 55.724 0 -42.3729 0 0 0 0 0 0 0 1
0 0 0 0 0 0 0 0 0 -6.67111 0 0 0 0 0 0 0 0 0 0 0 12.2577 0 -5.58659 0 0 0 0 0 0 1
0 0 0 0 0 0 0 0 0 0 0 0 0 0 -4.9505 0 0 0 0 0 -42.3729 0 51.0271 -3.7037 0 0 0 0 0 0 1
0 0 0 0 0 0 0 0 0 0 0 0 0 0 0 0 0 0 0 0 0 -5.58659 -3.7037 12.328 -3.03767 0 0 0 0 0 1
0 0 0 0 0 0 0 0 0 0 0 0 0 0 0 0 0 0 0 0 0 0 0 -3.03767 10.4608 -2.63158 -4.79157 0 0 0 1
0 0 0 0 0 0 0 0 0 0 0 0 0 0 0 0 0 0 0 0 0 0 0 0 -2.63158 2.63158 0 0 0 0 0
0 0 0 0 0 0 0 0 0 0 0 0 0 0 0 0 0 0 0 0 0 0 0 0 -4.79157 0 11.3839 -2.52525 -2.4079 -1.6592 0
0 0 0 0 0 -16.6945 0 -5 0 0 0 0 0 0 0 0 0 0 0 0 0 0 0 0 0 0 -2.52525 24.2197 0 0 1
0 0 0 0 0 0 0 0 0 0 0 0 0 0 0 0 0 0 0 0 0 0 0 0 0 0 -2.4079 0 4.61394 -2.20604 0
0 0 0 0 0 0 0 0 0 0 0 0 0 0 0 0 0 0 0 0 0 0 0 0 0 0 -1.6592 0 -2.20604 3.86524 1

# Number of power flow unique measurement sets
38

# Power flow unique measurement sets
1 42 
2 43 
3 
45 
5 46 
6 47 
7 
49 
50 
10 
11 52 
53 
13 
14 55 
56 
57 
17 58 
18 59 
21 62 
22 63 
23 
25 66 
67 
27 
69 
29 
30 71 
72 
32 
33 74 
34 75 
76 
36 
78 
38 79 
39 80 
81 
41 82 

# Number of power consumption unique measurement sets
22

# Power consumption measurement uniqueness with respect to power flow unique measurements
84 3 5 6 1 
85 2 
86 7 4 
87 5 
89 8 9 
90 
91 13 14 11 
93 
94 17 18 15 
95 16 
96 17 
98 19 
99 19 23 
101 
102 22 
103 26 
104 25 
105 29 27 
106 30 28 
107 31 30 
110 33 37 38 
112 35 36 

# Numbers of IEDs and RTUs
52 30

# Measurements corresponding to IEDs
1 1 2 
2 84 
3 3 5 6 
4 42 
5 85 
6 43 
7 86 
8 7 45 
9 87 
10 46 
11 10 11 41 47 
12 89 
13 49 50 
14 90 
15 91 
16 13 14 
17 52 
18 25 27 
19 53 55 
20 93 
21 94 
22 17 18 56 
23 95 
24 57 
25 96 
26 58 
27 22 30 59 
28 98 
29 21 
30 99 
31 62 67 
32 23 63 
33 101 
34 102 
35 66 
36 103 
37 29 
38 104 
39 69 
40 105 
41 32 71 
42 106 
43 33 72 
44 107 
45 34 74 
46 75 
47 38 76 
48 110 
49 36 81 82 
50 39 78 
51 112 
52 79 80 

# Topology (Links)
82

# Communication Path (among the IEDs, the RTUs, and the MTU)
1 53
2 54
3 54
4 54
5 55
6 55
7 56
8 56
9 57
10 57
11 58
12 59
13 59
14 60
15 61
16 61
17 61
18 62
19 62
20 63
21 64
22 64
23 65
24 65
25 66
26 66
27 67
28 68
29 68
30 69
31 69
32 70
33 71
34 72
35 72
36 73
37 73
38 74
39 74
40 75
41 75
42 76
43 76
44 77
45 77
46 78
47 79
48 80
49 80
50 81
51 82
52 82
61 83
67 61
69 67
53 69
65 83
78 53
73 69
62 83
76 65
60 69
81 73
74 83
71 81
54 73
80 60
72 54
70 54
57 53
64 69
58 61
77 72
55 83
82 83
56 54
68 70
66 80
75 83
59 83
79 69
63 55

# k Resiliency requirements (ieds and/or rtus)
4 2
