# Number of states and measurements
30 112

# Jacobian matrix (states and measurement association) and if corresponding measurement is recorded/reported
17.3913 -17.3913 0 0 0 0 0 0 0 0 0 0 0 0 0 0 0 0 0 0 0 0 0 0 0 0 0 0 0 0 1
6.05327 0 -6.05327 0 0 0 0 0 0 0 0 0 0 0 0 0 0 0 0 0 0 0 0 0 0 0 0 0 0 0 1
0 5.75705 0 -5.75705 0 0 0 0 0 0 0 0 0 0 0 0 0 0 0 0 0 0 0 0 0 0 0 0 0 0 1
0 0 26.3852 -26.3852 0 0 0 0 0 0 0 0 0 0 0 0 0 0 0 0 0 0 0 0 0 0 0 0 0 0 0
0 5.04286 0 0 -5.04286 0 0 0 0 0 0 0 0 0 0 0 0 0 0 0 0 0 0 0 0 0 0 0 0 0 1
0 5.67215 0 0 0 -5.67215 0 0 0 0 0 0 0 0 0 0 0 0 0 0 0 0 0 0 0 0 0 0 0 0 1
0 0 0 24.1546 0 -24.1546 0 0 0 0 0 0 0 0 0 0 0 0 0 0 0 0 0 0 0 0 0 0 0 0 1
0 0 0 0 8.62069 0 -8.62069 0 0 0 0 0 0 0 0 0 0 0 0 0 0 0 0 0 0 0 0 0 0 0 0
0 0 0 0 0 12.1951 -12.1951 0 0 0 0 0 0 0 0 0 0 0 0 0 0 0 0 0 0 0 0 0 0 0 0
0 0 0 0 0 23.8095 0 -23.8095 0 0 0 0 0 0 0 0 0 0 0 0 0 0 0 0 0 0 0 0 0 0 1
0 0 0 0 0 4.80769 0 0 -4.80769 0 0 0 0 0 0 0 0 0 0 0 0 0 0 0 0 0 0 0 0 0 1
0 0 0 0 0 1.79856 0 0 0 -1.79856 0 0 0 0 0 0 0 0 0 0 0 0 0 0 0 0 0 0 0 0 0
0 0 0 0 0 0 0 0 4.80769 0 -4.80769 0 0 0 0 0 0 0 0 0 0 0 0 0 0 0 0 0 0 0 1
0 0 0 0 0 0 0 0 9.09091 -9.09091 0 0 0 0 0 0 0 0 0 0 0 0 0 0 0 0 0 0 0 0 1
0 0 0 3.90625 0 0 0 0 0 0 0 -3.90625 0 0 0 0 0 0 0 0 0 0 0 0 0 0 0 0 0 0 0
0 0 0 0 0 0 0 0 0 0 0 7.14286 -7.14286 0 0 0 0 0 0 0 0 0 0 0 0 0 0 0 0 0 0
0 0 0 0 0 0 0 0 0 0 0 3.90778 0 -3.90778 0 0 0 0 0 0 0 0 0 0 0 0 0 0 0 0 1
0 0 0 0 0 0 0 0 0 0 0 7.66871 0 0 -7.66871 0 0 0 0 0 0 0 0 0 0 0 0 0 0 0 1
0 0 0 0 0 0 0 0 0 0 0 5.03271 0 0 0 -5.03271 0 0 0 0 0 0 0 0 0 0 0 0 0 0 0
0 0 0 0 0 0 0 0 0 0 0 0 0 5.00751 -5.00751 0 0 0 0 0 0 0 0 0 0 0 0 0 0 0 0
0 0 0 0 0 0 0 0 0 0 0 0 0 0 0 5.20021 -5.20021 0 0 0 0 0 0 0 0 0 0 0 0 0 1
0 0 0 0 0 0 0 0 0 0 0 0 0 0 4.57666 0 0 -4.57666 0 0 0 0 0 0 0 0 0 0 0 0 1
0 0 0 0 0 0 0 0 0 0 0 0 0 0 0 0 0 7.73994 -7.73994 0 0 0 0 0 0 0 0 0 0 0 1
0 0 0 0 0 0 0 0 0 0 0 0 0 0 0 0 0 0 14.7059 -14.7059 0 0 0 0 0 0 0 0 0 0 0
0 0 0 0 0 0 0 0 0 4.78469 0 0 0 0 0 0 0 0 0 -4.78469 0 0 0 0 0 0 0 0 0 0 1
0 0 0 0 0 0 0 0 0 11.8343 0 0 0 0 0 0 -11.8343 0 0 0 0 0 0 0 0 0 0 0 0 0 0
0 0 0 0 0 0 0 0 0 13.3511 0 0 0 0 0 0 0 0 0 0 -13.3511 0 0 0 0 0 0 0 0 0 1
0 0 0 0 0 0 0 0 0 6.67111 0 0 0 0 0 0 0 0 0 0 0 -6.67111 0 0 0 0 0 0 0 0 0
0 0 0 0 0 0 0 0 0 0 0 0 0 0 0 0 0 0 0 0 42.3729 0 -42.3729 0 0 0 0 0 0 0 1
0 0 0 0 0 0 0 0 0 0 0 0 0 0 4.9505 0 0 0 0 0 0 0 -4.9505 0 0 0 0 0 0 0 1
0 0 0 0 0 0 0 0 0 0 0 0 0 0 0 0 0 0 0 0 0 5.58659 0 -5.58659 0 0 0 0 0 0 0
0 0 0 0 0 0 0 0 0 0 0 0 0 0 0 0 0 0 0 0 0 0 3.7037 -3.7037 0 0 0 0 0 0 1
0 0 0 0 0 0 0 0 0 0 0 0 0 0 0 0 0 0 0 0 0 0 0 3.03767 -3.03767 0 0 0 0 0 1
0 0 0 0 0 0 0 0 0 0 0 0 0 0 0 0 0 0 0 0 0 0 0 0 2.63158 -2.63158 0 0 0 0 1
0 0 0 0 0 0 0 0 0 0 0 0 0 0 0 0 0 0 0 0 0 0 0 0 4.79157 0 -4.79157 0 0 0 0
0 0 0 0 0 0 0 0 0 0 0 0 0 0 0 0 0 0 0 0 0 0 0 0 0 0 -2.52525 2.52525 0 0 1
0 0 0 0 0 0 0 0 0 0 0 0 0 0 0 0 0 0 0 0 0 0 0 0 0 0 2.4079 0 -2.4079 0 0
0 0 0 0 0 0 0 0 0 0 0 0 0 0 0 0 0 0 0 0 0 0 0 0 0 0 1.6592 0 0 -1.6592 1
0 0 0 0 0 0 0 0 0 0 0 0 0 0 0 0 0 0 0 0 0 0 0 0 0 0 0 0 2.20604 -2.20604 1
0 0 0 0 0 0 0 5 0 0 0 0 0 0 0 0 0 0 0 0 0 0 0 0 0 0 0 -5 0 0 0
0 0 0 0 0 16.6945 0 0 0 0 0 0 0 0 0 0 0 0 0 0 0 0 0 0 0 0 0 -16.6945 0 0 1
-17.3913 17.3913 0 0 0 0 0 0 0 0 0 0 0 0 0 0 0 0 0 0 0 0 0 0 0 0 0 0 0 0 1
-6.05327 0 6.05327 0 0 0 0 0 0 0 0 0 0 0 0 0 0 0 0 0 0 0 0 0 0 0 0 0 0 0 1
0 -5.75705 0 5.75705 0 0 0 0 0 0 0 0 0 0 0 0 0 0 0 0 0 0 0 0 0 0 0 0 0 0 0
0 0 -26.3852 26.3852 0 0 0 0 0 0 0 0 0 0 0 0 0 0 0 0 0 0 0 0 0 0 0 0 0 0 1
0 -5.04286 0 0 5.04286 0 0 0 0 0 0 0 0 0 0 0 0 0 0 0 0 0 0 0 0 0 0 0 0 0 1
0 -5.67215 0 0 0 5.67215 0 0 0 0 0 0 0 0 0 0 0 0 0 0 0 0 0 0 0 0 0 0 0 0 1
0 0 0 -24.1546 0 24.1546 0 0 0 0 0 0 0 0 0 0 0 0 0 0 0 0 0 0 0 0 0 0 0 0 0
0 0 0 0 -8.62069 0 8.62069 0 0 0 0 0 0 0 0 0 0 0 0 0 0 0 0 0 0 0 0 0 0 0 1
0 0 0 0 0 -12.1951 12.1951 0 0 0 0 0 0 0 0 0 0 0 0 0 0 0 0 0 0 0 0 0 0 0 1
0 0 0 0 0 -23.8095 0 23.8095 0 0 0 0 0 0 0 0 0 0 0 0 0 0 0 0 0 0 0 0 0 0 0
0 0 0 0 0 -4.80769 0 0 4.80769 0 0 0 0 0 0 0 0 0 0 0 0 0 0 0 0 0 0 0 0 0 1
0 0 0 0 0 -1.79856 0 0 0 1.79856 0 0 0 0 0 0 0 0 0 0 0 0 0 0 0 0 0 0 0 0 1
0 0 0 0 0 0 0 0 -4.80769 0 4.80769 0 0 0 0 0 0 0 0 0 0 0 0 0 0 0 0 0 0 0 0
0 0 0 0 0 0 0 0 -9.09091 9.09091 0 0 0 0 0 0 0 0 0 0 0 0 0 0 0 0 0 0 0 0 1
0 0 0 -3.90625 0 0 0 0 0 0 0 3.90625 0 0 0 0 0 0 0 0 0 0 0 0 0 0 0 0 0 0 1
0 0 0 0 0 0 0 0 0 0 0 -7.14286 7.14286 0 0 0 0 0 0 0 0 0 0 0 0 0 0 0 0 0 1
0 0 0 0 0 0 0 0 0 0 0 -3.90778 0 3.90778 0 0 0 0 0 0 0 0 0 0 0 0 0 0 0 0 1
0 0 0 0 0 0 0 0 0 0 0 -7.66871 0 0 7.66871 0 0 0 0 0 0 0 0 0 0 0 0 0 0 0 1
0 0 0 0 0 0 0 0 0 0 0 -5.03271 0 0 0 5.03271 0 0 0 0 0 0 0 0 0 0 0 0 0 0 0
0 0 0 0 0 0 0 0 0 0 0 0 0 -5.00751 5.00751 0 0 0 0 0 0 0 0 0 0 0 0 0 0 0 0
0 0 0 0 0 0 0 0 0 0 0 0 0 0 0 -5.20021 5.20021 0 0 0 0 0 0 0 0 0 0 0 0 0 1
0 0 0 0 0 0 0 0 0 0 0 0 0 0 -4.57666 0 0 4.57666 0 0 0 0 0 0 0 0 0 0 0 0 1
0 0 0 0 0 0 0 0 0 0 0 0 0 0 0 0 0 -7.73994 7.73994 0 0 0 0 0 0 0 0 0 0 0 0
0 0 0 0 0 0 0 0 0 0 0 0 0 0 0 0 0 0 -14.7059 14.7059 0 0 0 0 0 0 0 0 0 0 0
0 0 0 0 0 0 0 0 0 -4.78469 0 0 0 0 0 0 0 0 0 4.78469 0 0 0 0 0 0 0 0 0 0 1
0 0 0 0 0 0 0 0 0 -11.8343 0 0 0 0 0 0 11.8343 0 0 0 0 0 0 0 0 0 0 0 0 0 1
0 0 0 0 0 0 0 0 0 -13.3511 0 0 0 0 0 0 0 0 0 0 13.3511 0 0 0 0 0 0 0 0 0 0
0 0 0 0 0 0 0 0 0 -6.67111 0 0 0 0 0 0 0 0 0 0 0 6.67111 0 0 0 0 0 0 0 0 1
0 0 0 0 0 0 0 0 0 0 0 0 0 0 0 0 0 0 0 0 -42.3729 0 42.3729 0 0 0 0 0 0 0 0
0 0 0 0 0 0 0 0 0 0 0 0 0 0 -4.9505 0 0 0 0 0 0 0 4.9505 0 0 0 0 0 0 0 1
0 0 0 0 0 0 0 0 0 0 0 0 0 0 0 0 0 0 0 0 0 -5.58659 0 5.58659 0 0 0 0 0 0 1
0 0 0 0 0 0 0 0 0 0 0 0 0 0 0 0 0 0 0 0 0 0 -3.7037 3.7037 0 0 0 0 0 0 0
0 0 0 0 0 0 0 0 0 0 0 0 0 0 0 0 0 0 0 0 0 0 0 -3.03767 3.03767 0 0 0 0 0 1
0 0 0 0 0 0 0 0 0 0 0 0 0 0 0 0 0 0 0 0 0 0 0 0 -2.63158 2.63158 0 0 0 0 1
0 0 0 0 0 0 0 0 0 0 0 0 0 0 0 0 0 0 0 0 0 0 0 0 -4.79157 0 4.79157 0 0 0 1
0 0 0 0 0 0 0 0 0 0 0 0 0 0 0 0 0 0 0 0 0 0 0 0 0 0 2.52525 -2.52525 0 0 0
0 0 0 0 0 0 0 0 0 0 0 0 0 0 0 0 0 0 0 0 0 0 0 0 0 0 -2.4079 0 2.4079 0 1
0 0 0 0 0 0 0 0 0 0 0 0 0 0 0 0 0 0 0 0 0 0 0 0 0 0 -1.6592 0 0 1.6592 1
0 0 0 0 0 0 0 0 0 0 0 0 0 0 0 0 0 0 0 0 0 0 0 0 0 0 0 0 -2.20604 2.20604 1
0 0 0 0 0 0 0 -5 0 0 0 0 0 0 0 0 0 0 0 0 0 0 0 0 0 0 0 5 0 0 1
0 0 0 0 0 -16.6945 0 0 0 0 0 0 0 0 0 0 0 0 0 0 0 0 0 0 0 0 0 16.6945 0 0 1
23.4446 -17.3913 -6.05327 0 0 0 0 0 0 0 0 0 0 0 0 0 0 0 0 0 0 0 0 0 0 0 0 0 0 0 0
-17.3913 33.8634 0 -5.75705 -5.04286 -5.67215 0 0 0 0 0 0 0 0 0 0 0 0 0 0 0 0 0 0 0 0 0 0 0 0 1
-6.05327 0 32.4385 -26.3852 0 0 0 0 0 0 0 0 0 0 0 0 0 0 0 0 0 0 0 0 0 0 0 0 0 0 1
0 -5.75705 -26.3852 60.2031 0 -24.1546 0 0 0 0 0 -3.90625 0 0 0 0 0 0 0 0 0 0 0 0 0 0 0 0 0 0 1
0 -5.04286 0 0 13.6636 0 -8.62069 0 0 0 0 0 0 0 0 0 0 0 0 0 0 0 0 0 0 0 0 0 0 0 1
0 -5.67215 0 -24.1546 0 89.1321 -12.1951 -23.8095 -4.80769 -1.79856 0 0 0 0 0 0 0 0 0 0 0 0 0 0 0 0 0 -16.6945 0 0 0
0 0 0 0 -8.62069 -12.1951 20.8158 0 0 0 0 0 0 0 0 0 0 0 0 0 0 0 0 0 0 0 0 0 0 0 1
0 0 0 0 0 -23.8095 0 28.8095 0 0 0 0 0 0 0 0 0 0 0 0 0 0 0 0 0 0 0 -5 0 0 1
0 0 0 0 0 -4.80769 0 0 18.7063 -9.09091 -4.80769 0 0 0 0 0 0 0 0 0 0 0 0 0 0 0 0 0 0 0 1
0 0 0 0 0 -1.79856 0 0 -9.09091 47.5307 0 0 0 0 0 0 -11.8343 0 0 -4.78469 -13.3511 -6.67111 0 0 0 0 0 0 0 0 0
0 0 0 0 0 0 0 0 -4.80769 0 4.80769 0 0 0 0 0 0 0 0 0 0 0 0 0 0 0 0 0 0 0 1
0 0 0 -3.90625 0 0 0 0 0 0 0 27.6583 -7.14286 -3.90778 -7.66871 -5.03271 0 0 0 0 0 0 0 0 0 0 0 0 0 0 1
0 0 0 0 0 0 0 0 0 0 0 -7.14286 7.14286 0 0 0 0 0 0 0 0 0 0 0 0 0 0 0 0 0 1
0 0 0 0 0 0 0 0 0 0 0 -3.90778 0 8.91529 -5.00751 0 0 0 0 0 0 0 0 0 0 0 0 0 0 0 1
0 0 0 0 0 0 0 0 0 0 0 -7.66871 0 -5.00751 22.2034 0 0 -4.57666 0 0 0 0 -4.9505 0 0 0 0 0 0 0 0
0 0 0 0 0 0 0 0 0 0 0 -5.03271 0 0 0 10.2329 -5.20021 0 0 0 0 0 0 0 0 0 0 0 0 0 1
0 0 0 0 0 0 0 0 0 -11.8343 0 0 0 0 0 -5.20021 17.0345 0 0 0 0 0 0 0 0 0 0 0 0 0 1
0 0 0 0 0 0 0 0 0 0 0 0 0 0 -4.57666 0 0 12.3166 -7.73994 0 0 0 0 0 0 0 0 0 0 0 0
0 0 0 0 0 0 0 0 0 0 0 0 0 0 0 0 0 -7.73994 22.4458 -14.7059 0 0 0 0 0 0 0 0 0 0 1
0 0 0 0 0 0 0 0 0 -4.78469 0 0 0 0 0 0 0 0 -14.7059 19.4906 0 0 0 0 0 0 0 0 0 0 1
0 0 0 0 0 0 0 0 0 -13.3511 0 0 0 0 0 0 0 0 0 0 55.724 0 -42.3729 0 0 0 0 0 0 0 1
0 0 0 0 0 0 0 0 0 -6.67111 0 0 0 0 0 0 0 0 0 0 0 12.2577 0 -5.58659 0 0 0 0 0 0 1
0 0 0 0 0 0 0 0 0 0 0 0 0 0 -4.9505 0 0 0 0 0 -42.3729 0 51.0271 -3.7037 0 0 0 0 0 0 1
0 0 0 0 0 0 0 0 0 0 0 0 0 0 0 0 0 0 0 0 0 -5.58659 -3.7037 12.328 -3.03767 0 0 0 0 0 1
0 0 0 0 0 0 0 0 0 0 0 0 0 0 0 0 0 0 0 0 0 0 0 -3.03767 10.4608 -2.63158 -4.79157 0 0 0 1
0 0 0 0 0 0 0 0 0 0 0 0 0 0 0 0 0 0 0 0 0 0 0 0 -2.63158 2.63158 0 0 0 0 0
0 0 0 0 0 0 0 0 0 0 0 0 0 0 0 0 0 0 0 0 0 0 0 0 -4.79157 0 11.3839 -2.52525 -2.4079 -1.6592 0
0 0 0 0 0 -16.6945 0 -5 0 0 0 0 0 0 0 0 0 0 0 0 0 0 0 0 0 0 -2.52525 24.2197 0 0 1
0 0 0 0 0 0 0 0 0 0 0 0 0 0 0 0 0 0 0 0 0 0 0 0 0 0 -2.4079 0 4.61394 -2.20604 0
0 0 0 0 0 0 0 0 0 0 0 0 0 0 0 0 0 0 0 0 0 0 0 0 0 0 -1.6592 0 -2.20604 3.86524 1

# Number of power flow unique measurement sets
38

# Power flow unique measurement sets
1 42 
2 43 
3 
45 
5 46 
6 47 
7 
49 
50 
10 
11 52 
53 
13 
14 55 
56 
57 
17 58 
18 59 
21 62 
22 63 
23 
25 66 
67 
27 
69 
29 
30 71 
72 
32 
33 74 
34 75 
76 
36 
78 
38 79 
39 80 
81 
41 82 

# Number of power consumption unique measurement sets
22

# Power consumption measurement uniqueness with respect to power flow unique measurements
84 3 5 6 1 
85 2 
86 7 4 
87 5 
89 8 9 
90 
91 13 14 11 
93 
94 17 18 15 
95 16 
96 17 
98 19 
99 19 23 
101 
102 22 
103 26 
104 25 
105 29 27 
106 30 28 
107 31 30 
110 33 37 38 
112 35 36 

# Numbers of IEDs and RTUs
53 30

# Measurements corresponding to IEDs
1 1 2 
2 84 
3 3 5 6 
4 42 
5 85 
6 43 
7 86 
8 7 45 
9 87 
10 46 
11 10 11 
12 41 47 
13 89 
14 49 50 
15 90 
16 91 
17 13 14 
18 52 
19 25 27 53 55 
20 93 
21 94 
22 17 18 56 
23 95 
24 57 
25 96 
26 58 
27 22 30 59 
28 98 
29 21 
30 99 
31 62 67 
32 23 63 
33 101 
34 102 
35 66 
36 103 
37 29 
38 104 
39 69 
40 105 
41 32 71 
42 106 
43 33 72 
44 107 
45 34 74 
46 75 
47 38 76 
48 110 
49 36 81 
50 82 
51 39 78 
52 112 
53 79 80 

# Topology (Links)
83

# Communication Path (among the IEDs, the RTUs, and the MTU)
1 54
2 55
3 55
4 55
5 56
6 56
7 57
8 57
9 58
10 58
11 59
12 59
13 60
14 60
15 61
16 62
17 62
18 62
19 63
20 64
21 65
22 65
23 66
24 66
25 67
26 67
27 68
28 69
29 69
30 70
31 70
32 71
33 72
34 73
35 73
36 74
37 74
38 75
39 75
40 76
41 76
42 77
43 77
44 78
45 78
46 79
47 80
48 81
49 81
50 81
51 82
52 83
53 83
75 84
61 84
83 75
58 75
69 61
74 83
67 83
65 83
79 84
76 75
57 74
66 57
56 84
82 66
60 84
63 56
55 79
71 82
72 84
70 84
62 66
73 84
81 57
80 72
78 60
77 65
54 84
64 71
68 72
59 60

# k Resiliency requirements (ieds and/or rtus)
4 2
