# Number of states and measurements
30 112

# Jacobian matrix (states and measurement association) and if corresponding measurement is recorded/reported
17.3913 -17.3913 0 0 0 0 0 0 0 0 0 0 0 0 0 0 0 0 0 0 0 0 0 0 0 0 0 0 0 0 1
6.05327 0 -6.05327 0 0 0 0 0 0 0 0 0 0 0 0 0 0 0 0 0 0 0 0 0 0 0 0 0 0 0 1
0 5.75705 0 -5.75705 0 0 0 0 0 0 0 0 0 0 0 0 0 0 0 0 0 0 0 0 0 0 0 0 0 0 1
0 0 26.3852 -26.3852 0 0 0 0 0 0 0 0 0 0 0 0 0 0 0 0 0 0 0 0 0 0 0 0 0 0 0
0 5.04286 0 0 -5.04286 0 0 0 0 0 0 0 0 0 0 0 0 0 0 0 0 0 0 0 0 0 0 0 0 0 1
0 5.67215 0 0 0 -5.67215 0 0 0 0 0 0 0 0 0 0 0 0 0 0 0 0 0 0 0 0 0 0 0 0 1
0 0 0 24.1546 0 -24.1546 0 0 0 0 0 0 0 0 0 0 0 0 0 0 0 0 0 0 0 0 0 0 0 0 1
0 0 0 0 8.62069 0 -8.62069 0 0 0 0 0 0 0 0 0 0 0 0 0 0 0 0 0 0 0 0 0 0 0 0
0 0 0 0 0 12.1951 -12.1951 0 0 0 0 0 0 0 0 0 0 0 0 0 0 0 0 0 0 0 0 0 0 0 0
0 0 0 0 0 23.8095 0 -23.8095 0 0 0 0 0 0 0 0 0 0 0 0 0 0 0 0 0 0 0 0 0 0 1
0 0 0 0 0 4.80769 0 0 -4.80769 0 0 0 0 0 0 0 0 0 0 0 0 0 0 0 0 0 0 0 0 0 1
0 0 0 0 0 1.79856 0 0 0 -1.79856 0 0 0 0 0 0 0 0 0 0 0 0 0 0 0 0 0 0 0 0 0
0 0 0 0 0 0 0 0 4.80769 0 -4.80769 0 0 0 0 0 0 0 0 0 0 0 0 0 0 0 0 0 0 0 1
0 0 0 0 0 0 0 0 9.09091 -9.09091 0 0 0 0 0 0 0 0 0 0 0 0 0 0 0 0 0 0 0 0 1
0 0 0 3.90625 0 0 0 0 0 0 0 -3.90625 0 0 0 0 0 0 0 0 0 0 0 0 0 0 0 0 0 0 0
0 0 0 0 0 0 0 0 0 0 0 7.14286 -7.14286 0 0 0 0 0 0 0 0 0 0 0 0 0 0 0 0 0 0
0 0 0 0 0 0 0 0 0 0 0 3.90778 0 -3.90778 0 0 0 0 0 0 0 0 0 0 0 0 0 0 0 0 1
0 0 0 0 0 0 0 0 0 0 0 7.66871 0 0 -7.66871 0 0 0 0 0 0 0 0 0 0 0 0 0 0 0 1
0 0 0 0 0 0 0 0 0 0 0 5.03271 0 0 0 -5.03271 0 0 0 0 0 0 0 0 0 0 0 0 0 0 0
0 0 0 0 0 0 0 0 0 0 0 0 0 5.00751 -5.00751 0 0 0 0 0 0 0 0 0 0 0 0 0 0 0 0
0 0 0 0 0 0 0 0 0 0 0 0 0 0 0 5.20021 -5.20021 0 0 0 0 0 0 0 0 0 0 0 0 0 1
0 0 0 0 0 0 0 0 0 0 0 0 0 0 4.57666 0 0 -4.57666 0 0 0 0 0 0 0 0 0 0 0 0 1
0 0 0 0 0 0 0 0 0 0 0 0 0 0 0 0 0 7.73994 -7.73994 0 0 0 0 0 0 0 0 0 0 0 1
0 0 0 0 0 0 0 0 0 0 0 0 0 0 0 0 0 0 14.7059 -14.7059 0 0 0 0 0 0 0 0 0 0 0
0 0 0 0 0 0 0 0 0 4.78469 0 0 0 0 0 0 0 0 0 -4.78469 0 0 0 0 0 0 0 0 0 0 1
0 0 0 0 0 0 0 0 0 11.8343 0 0 0 0 0 0 -11.8343 0 0 0 0 0 0 0 0 0 0 0 0 0 0
0 0 0 0 0 0 0 0 0 13.3511 0 0 0 0 0 0 0 0 0 0 -13.3511 0 0 0 0 0 0 0 0 0 1
0 0 0 0 0 0 0 0 0 6.67111 0 0 0 0 0 0 0 0 0 0 0 -6.67111 0 0 0 0 0 0 0 0 0
0 0 0 0 0 0 0 0 0 0 0 0 0 0 0 0 0 0 0 0 42.3729 0 -42.3729 0 0 0 0 0 0 0 1
0 0 0 0 0 0 0 0 0 0 0 0 0 0 4.9505 0 0 0 0 0 0 0 -4.9505 0 0 0 0 0 0 0 1
0 0 0 0 0 0 0 0 0 0 0 0 0 0 0 0 0 0 0 0 0 5.58659 0 -5.58659 0 0 0 0 0 0 0
0 0 0 0 0 0 0 0 0 0 0 0 0 0 0 0 0 0 0 0 0 0 3.7037 -3.7037 0 0 0 0 0 0 1
0 0 0 0 0 0 0 0 0 0 0 0 0 0 0 0 0 0 0 0 0 0 0 3.03767 -3.03767 0 0 0 0 0 1
0 0 0 0 0 0 0 0 0 0 0 0 0 0 0 0 0 0 0 0 0 0 0 0 2.63158 -2.63158 0 0 0 0 1
0 0 0 0 0 0 0 0 0 0 0 0 0 0 0 0 0 0 0 0 0 0 0 0 4.79157 0 -4.79157 0 0 0 0
0 0 0 0 0 0 0 0 0 0 0 0 0 0 0 0 0 0 0 0 0 0 0 0 0 0 -2.52525 2.52525 0 0 1
0 0 0 0 0 0 0 0 0 0 0 0 0 0 0 0 0 0 0 0 0 0 0 0 0 0 2.4079 0 -2.4079 0 0
0 0 0 0 0 0 0 0 0 0 0 0 0 0 0 0 0 0 0 0 0 0 0 0 0 0 1.6592 0 0 -1.6592 1
0 0 0 0 0 0 0 0 0 0 0 0 0 0 0 0 0 0 0 0 0 0 0 0 0 0 0 0 2.20604 -2.20604 1
0 0 0 0 0 0 0 5 0 0 0 0 0 0 0 0 0 0 0 0 0 0 0 0 0 0 0 -5 0 0 0
0 0 0 0 0 16.6945 0 0 0 0 0 0 0 0 0 0 0 0 0 0 0 0 0 0 0 0 0 -16.6945 0 0 1
-17.3913 17.3913 0 0 0 0 0 0 0 0 0 0 0 0 0 0 0 0 0 0 0 0 0 0 0 0 0 0 0 0 1
-6.05327 0 6.05327 0 0 0 0 0 0 0 0 0 0 0 0 0 0 0 0 0 0 0 0 0 0 0 0 0 0 0 1
0 -5.75705 0 5.75705 0 0 0 0 0 0 0 0 0 0 0 0 0 0 0 0 0 0 0 0 0 0 0 0 0 0 0
0 0 -26.3852 26.3852 0 0 0 0 0 0 0 0 0 0 0 0 0 0 0 0 0 0 0 0 0 0 0 0 0 0 1
0 -5.04286 0 0 5.04286 0 0 0 0 0 0 0 0 0 0 0 0 0 0 0 0 0 0 0 0 0 0 0 0 0 1
0 -5.67215 0 0 0 5.67215 0 0 0 0 0 0 0 0 0 0 0 0 0 0 0 0 0 0 0 0 0 0 0 0 1
0 0 0 -24.1546 0 24.1546 0 0 0 0 0 0 0 0 0 0 0 0 0 0 0 0 0 0 0 0 0 0 0 0 0
0 0 0 0 -8.62069 0 8.62069 0 0 0 0 0 0 0 0 0 0 0 0 0 0 0 0 0 0 0 0 0 0 0 1
0 0 0 0 0 -12.1951 12.1951 0 0 0 0 0 0 0 0 0 0 0 0 0 0 0 0 0 0 0 0 0 0 0 1
0 0 0 0 0 -23.8095 0 23.8095 0 0 0 0 0 0 0 0 0 0 0 0 0 0 0 0 0 0 0 0 0 0 0
0 0 0 0 0 -4.80769 0 0 4.80769 0 0 0 0 0 0 0 0 0 0 0 0 0 0 0 0 0 0 0 0 0 1
0 0 0 0 0 -1.79856 0 0 0 1.79856 0 0 0 0 0 0 0 0 0 0 0 0 0 0 0 0 0 0 0 0 1
0 0 0 0 0 0 0 0 -4.80769 0 4.80769 0 0 0 0 0 0 0 0 0 0 0 0 0 0 0 0 0 0 0 0
0 0 0 0 0 0 0 0 -9.09091 9.09091 0 0 0 0 0 0 0 0 0 0 0 0 0 0 0 0 0 0 0 0 1
0 0 0 -3.90625 0 0 0 0 0 0 0 3.90625 0 0 0 0 0 0 0 0 0 0 0 0 0 0 0 0 0 0 1
0 0 0 0 0 0 0 0 0 0 0 -7.14286 7.14286 0 0 0 0 0 0 0 0 0 0 0 0 0 0 0 0 0 1
0 0 0 0 0 0 0 0 0 0 0 -3.90778 0 3.90778 0 0 0 0 0 0 0 0 0 0 0 0 0 0 0 0 1
0 0 0 0 0 0 0 0 0 0 0 -7.66871 0 0 7.66871 0 0 0 0 0 0 0 0 0 0 0 0 0 0 0 1
0 0 0 0 0 0 0 0 0 0 0 -5.03271 0 0 0 5.03271 0 0 0 0 0 0 0 0 0 0 0 0 0 0 0
0 0 0 0 0 0 0 0 0 0 0 0 0 -5.00751 5.00751 0 0 0 0 0 0 0 0 0 0 0 0 0 0 0 0
0 0 0 0 0 0 0 0 0 0 0 0 0 0 0 -5.20021 5.20021 0 0 0 0 0 0 0 0 0 0 0 0 0 1
0 0 0 0 0 0 0 0 0 0 0 0 0 0 -4.57666 0 0 4.57666 0 0 0 0 0 0 0 0 0 0 0 0 1
0 0 0 0 0 0 0 0 0 0 0 0 0 0 0 0 0 -7.73994 7.73994 0 0 0 0 0 0 0 0 0 0 0 0
0 0 0 0 0 0 0 0 0 0 0 0 0 0 0 0 0 0 -14.7059 14.7059 0 0 0 0 0 0 0 0 0 0 0
0 0 0 0 0 0 0 0 0 -4.78469 0 0 0 0 0 0 0 0 0 4.78469 0 0 0 0 0 0 0 0 0 0 1
0 0 0 0 0 0 0 0 0 -11.8343 0 0 0 0 0 0 11.8343 0 0 0 0 0 0 0 0 0 0 0 0 0 1
0 0 0 0 0 0 0 0 0 -13.3511 0 0 0 0 0 0 0 0 0 0 13.3511 0 0 0 0 0 0 0 0 0 0
0 0 0 0 0 0 0 0 0 -6.67111 0 0 0 0 0 0 0 0 0 0 0 6.67111 0 0 0 0 0 0 0 0 1
0 0 0 0 0 0 0 0 0 0 0 0 0 0 0 0 0 0 0 0 -42.3729 0 42.3729 0 0 0 0 0 0 0 0
0 0 0 0 0 0 0 0 0 0 0 0 0 0 -4.9505 0 0 0 0 0 0 0 4.9505 0 0 0 0 0 0 0 1
0 0 0 0 0 0 0 0 0 0 0 0 0 0 0 0 0 0 0 0 0 -5.58659 0 5.58659 0 0 0 0 0 0 1
0 0 0 0 0 0 0 0 0 0 0 0 0 0 0 0 0 0 0 0 0 0 -3.7037 3.7037 0 0 0 0 0 0 0
0 0 0 0 0 0 0 0 0 0 0 0 0 0 0 0 0 0 0 0 0 0 0 -3.03767 3.03767 0 0 0 0 0 1
0 0 0 0 0 0 0 0 0 0 0 0 0 0 0 0 0 0 0 0 0 0 0 0 -2.63158 2.63158 0 0 0 0 1
0 0 0 0 0 0 0 0 0 0 0 0 0 0 0 0 0 0 0 0 0 0 0 0 -4.79157 0 4.79157 0 0 0 1
0 0 0 0 0 0 0 0 0 0 0 0 0 0 0 0 0 0 0 0 0 0 0 0 0 0 2.52525 -2.52525 0 0 0
0 0 0 0 0 0 0 0 0 0 0 0 0 0 0 0 0 0 0 0 0 0 0 0 0 0 -2.4079 0 2.4079 0 1
0 0 0 0 0 0 0 0 0 0 0 0 0 0 0 0 0 0 0 0 0 0 0 0 0 0 -1.6592 0 0 1.6592 1
0 0 0 0 0 0 0 0 0 0 0 0 0 0 0 0 0 0 0 0 0 0 0 0 0 0 0 0 -2.20604 2.20604 1
0 0 0 0 0 0 0 -5 0 0 0 0 0 0 0 0 0 0 0 0 0 0 0 0 0 0 0 5 0 0 1
0 0 0 0 0 -16.6945 0 0 0 0 0 0 0 0 0 0 0 0 0 0 0 0 0 0 0 0 0 16.6945 0 0 1
23.4446 -17.3913 -6.05327 0 0 0 0 0 0 0 0 0 0 0 0 0 0 0 0 0 0 0 0 0 0 0 0 0 0 0 0
-17.3913 33.8634 0 -5.75705 -5.04286 -5.67215 0 0 0 0 0 0 0 0 0 0 0 0 0 0 0 0 0 0 0 0 0 0 0 0 1
-6.05327 0 32.4385 -26.3852 0 0 0 0 0 0 0 0 0 0 0 0 0 0 0 0 0 0 0 0 0 0 0 0 0 0 1
0 -5.75705 -26.3852 60.2031 0 -24.1546 0 0 0 0 0 -3.90625 0 0 0 0 0 0 0 0 0 0 0 0 0 0 0 0 0 0 1
0 -5.04286 0 0 13.6636 0 -8.62069 0 0 0 0 0 0 0 0 0 0 0 0 0 0 0 0 0 0 0 0 0 0 0 1
0 -5.67215 0 -24.1546 0 89.1321 -12.1951 -23.8095 -4.80769 -1.79856 0 0 0 0 0 0 0 0 0 0 0 0 0 0 0 0 0 -16.6945 0 0 0
0 0 0 0 -8.62069 -12.1951 20.8158 0 0 0 0 0 0 0 0 0 0 0 0 0 0 0 0 0 0 0 0 0 0 0 1
0 0 0 0 0 -23.8095 0 28.8095 0 0 0 0 0 0 0 0 0 0 0 0 0 0 0 0 0 0 0 -5 0 0 1
0 0 0 0 0 -4.80769 0 0 18.7063 -9.09091 -4.80769 0 0 0 0 0 0 0 0 0 0 0 0 0 0 0 0 0 0 0 1
0 0 0 0 0 -1.79856 0 0 -9.09091 47.5307 0 0 0 0 0 0 -11.8343 0 0 -4.78469 -13.3511 -6.67111 0 0 0 0 0 0 0 0 0
0 0 0 0 0 0 0 0 -4.80769 0 4.80769 0 0 0 0 0 0 0 0 0 0 0 0 0 0 0 0 0 0 0 1
0 0 0 -3.90625 0 0 0 0 0 0 0 27.6583 -7.14286 -3.90778 -7.66871 -5.03271 0 0 0 0 0 0 0 0 0 0 0 0 0 0 1
0 0 0 0 0 0 0 0 0 0 0 -7.14286 7.14286 0 0 0 0 0 0 0 0 0 0 0 0 0 0 0 0 0 1
0 0 0 0 0 0 0 0 0 0 0 -3.90778 0 8.91529 -5.00751 0 0 0 0 0 0 0 0 0 0 0 0 0 0 0 1
0 0 0 0 0 0 0 0 0 0 0 -7.66871 0 -5.00751 22.2034 0 0 -4.57666 0 0 0 0 -4.9505 0 0 0 0 0 0 0 0
0 0 0 0 0 0 0 0 0 0 0 -5.03271 0 0 0 10.2329 -5.20021 0 0 0 0 0 0 0 0 0 0 0 0 0 1
0 0 0 0 0 0 0 0 0 -11.8343 0 0 0 0 0 -5.20021 17.0345 0 0 0 0 0 0 0 0 0 0 0 0 0 1
0 0 0 0 0 0 0 0 0 0 0 0 0 0 -4.57666 0 0 12.3166 -7.73994 0 0 0 0 0 0 0 0 0 0 0 0
0 0 0 0 0 0 0 0 0 0 0 0 0 0 0 0 0 -7.73994 22.4458 -14.7059 0 0 0 0 0 0 0 0 0 0 1
0 0 0 0 0 0 0 0 0 -4.78469 0 0 0 0 0 0 0 0 -14.7059 19.4906 0 0 0 0 0 0 0 0 0 0 1
0 0 0 0 0 0 0 0 0 -13.3511 0 0 0 0 0 0 0 0 0 0 55.724 0 -42.3729 0 0 0 0 0 0 0 1
0 0 0 0 0 0 0 0 0 -6.67111 0 0 0 0 0 0 0 0 0 0 0 12.2577 0 -5.58659 0 0 0 0 0 0 1
0 0 0 0 0 0 0 0 0 0 0 0 0 0 -4.9505 0 0 0 0 0 -42.3729 0 51.0271 -3.7037 0 0 0 0 0 0 1
0 0 0 0 0 0 0 0 0 0 0 0 0 0 0 0 0 0 0 0 0 -5.58659 -3.7037 12.328 -3.03767 0 0 0 0 0 1
0 0 0 0 0 0 0 0 0 0 0 0 0 0 0 0 0 0 0 0 0 0 0 -3.03767 10.4608 -2.63158 -4.79157 0 0 0 1
0 0 0 0 0 0 0 0 0 0 0 0 0 0 0 0 0 0 0 0 0 0 0 0 -2.63158 2.63158 0 0 0 0 0
0 0 0 0 0 0 0 0 0 0 0 0 0 0 0 0 0 0 0 0 0 0 0 0 -4.79157 0 11.3839 -2.52525 -2.4079 -1.6592 0
0 0 0 0 0 -16.6945 0 -5 0 0 0 0 0 0 0 0 0 0 0 0 0 0 0 0 0 0 -2.52525 24.2197 0 0 1
0 0 0 0 0 0 0 0 0 0 0 0 0 0 0 0 0 0 0 0 0 0 0 0 0 0 -2.4079 0 4.61394 -2.20604 0
0 0 0 0 0 0 0 0 0 0 0 0 0 0 0 0 0 0 0 0 0 0 0 0 0 0 -1.6592 0 -2.20604 3.86524 1

# Number of power flow unique measurement sets
38

# Power flow unique measurement sets
1 42 
2 43 
3 
45 
5 46 
6 47 
7 
49 
50 
10 
11 52 
53 
13 
14 55 
56 
57 
17 58 
18 59 
21 62 
22 63 
23 
25 66 
67 
27 
69 
29 
30 71 
72 
32 
33 74 
34 75 
76 
36 
78 
38 79 
39 80 
81 
41 82 

# Number of power consumption unique measurement sets
22

# Power consumption measurement uniqueness with respect to power flow unique measurements
84 3 5 6 1 
85 2 
86 7 4 
87 5 
89 8 9 
90 
91 13 14 11 
93 
94 17 18 15 
95 16 
96 17 
98 19 
99 19 23 
101 
102 22 
103 26 
104 25 
105 29 27 
106 30 28 
107 31 30 
110 33 37 38 
112 35 36 

# Numbers of IEDs and RTUs
50 30

# Measurements corresponding to IEDs
1 1 2 
2 84 
3 3 5 
4 6 42 
5 85 
6 43 
7 86 
8 7 45 
9 87 
10 46 
11 10 11 41 47 
12 89 
13 49 50 
14 90 
15 91 
16 13 14 52 
17 25 27 53 55 
18 93 
19 94 
20 17 18 56 
21 95 
22 57 
23 96 
24 58 
25 22 30 59 
26 98 
27 21 
28 99 
29 62 67 
30 23 63 
31 101 
32 102 
33 66 
34 103 
35 29 
36 104 
37 69 
38 105 
39 32 71 
40 106 
41 33 72 
42 107 
43 34 74 
44 75 
45 38 76 
46 110 
47 36 81 82 
48 39 78 
49 112 
50 79 80 

# Topology (Links)
80

# Communication Path (among the IEDs, the RTUs, and the MTU)
1 51
2 52
3 52
4 52
5 53
6 53
7 54
8 54
9 55
10 55
11 56
12 57
13 57
14 58
15 59
16 59
17 60
18 61
19 62
20 62
21 63
22 63
23 64
24 64
25 65
26 66
27 66
28 67
29 67
30 68
31 69
32 70
33 70
34 71
35 71
36 72
37 72
38 73
39 73
40 74
41 74
42 75
43 75
44 76
45 77
46 78
47 78
48 79
49 80
50 80
71 81
58 71
72 81
52 81
64 71
59 64
74 64
77 59
69 59
68 81
65 81
70 59
62 52
76 58
53 81
75 68
78 58
60 59
79 71
57 81
54 81
73 81
61 81
67 52
51 81
66 81
80 51
55 81
63 81
56 63

# k Resiliency requirements (ieds and/or rtus)
4 2
